-0.0619367751060669
-0.0437321602640726
-0.0313717509822316
-0.0247368922676798
-0.0233268649542788
-0.0263196466332700
-0.0326579683221164
-0.0411518142667211
-0.0505871702351832
-0.0598305442902884
-0.0680375558781758
-0.0744095133766944
-0.0784665300579936
-0.0800340612637100
-0.0792110996701774
-0.0763316244617462
-0.0719069851689178
-0.0665562333259417
-0.0609321532461113
-0.0557476332972671
-0.0514859438399071
-0.0484679691457219
-0.0468748149572642
-0.0467093774522638
-0.0478128507046371
-0.0498977460087071
-0.0525924658781107
-0.0554915349962257
-0.0582807035251840
-0.0606346468006074
-0.0622457357029431
-0.0629630905897423
-0.0627489037933406
-0.0616727482973463
-0.0598944907052117
-0.0576386855773781
-0.0551640213190623
-0.0527861392386970
-0.0507821494349254
-0.0492515647851846
-0.0482868217522632
-0.0479022224047860
-0.0480390894330067
-0.0485794206595294
-0.0493657336075040
-0.0502241918993807
-0.0510223826114296
-0.0516998928036370
-0.0520628225433695
-0.0520425063386554
-0.0516187869394564
-0.0508180832273228
-0.0497064290458580
-0.0483787752535156
-0.0469461344220936
-0.0455374332373333
-0.0443698839188054
-0.0434184250614922
-0.0427178552569512
-0.0422678217475558
-0.0420362906917560
-0.0419668861546589
-0.0419888599839708
-0.0420281872545534
-0.0420182216077871
-0.0420443271070823
-0.0419671465093823
-0.0417576136151976
-0.0414074664156054
-0.0409247195471569
-0.0403307300821771
-0.0396562650634407
-0.0389371867372825
-0.0382103048913842
-0.0376233562354942
-0.0371367212207585
-0.0367307131358894
-0.0363927960507835
-0.0360999631999446
-0.0358233730118429
-0.0355337862865546
-0.0352069945174132
-0.0348284403442274
-0.0344865252233606
-0.0341662375415659
-0.0338366195597688
-0.0335074936690403
-0.0331909555840182
-0.0328995634264639
-0.0326447440851803
-0.0324356208905290
-0.0322783543011418
-0.0322993221320527
-0.0324736754008763
-0.0326719996065219
-0.0328700772052486
-0.0330430191958500
-0.0331668944328327
-0.0332206968837532
-0.0331884925532657
-0.0330614907761206
-0.0329281143791720
-0.0328418025632988
-0.0326639085419609
-0.0324033895532525
-0.0320764154413458
-0.0317043131509067
-0.0313113778610561
-0.0309228190225894
-0.0305630205574039
-0.0303083875977603
-0.0302878704687566
-0.0303284608430388
-0.0304226051436072
-0.0305590307068333
-0.0307234210103398
-0.0308996394616503
-0.0310714244282218
-0.0312243642767220
-0.0313689412367721
-0.0316749345609939
-0.0319254340852504
-0.0321105324877000
-0.0322271838245001
-0.0322782577607659
-0.0322713321595387
-0.0322174573118601
-0.0321300527472526
-0.0320240056116268
-0.0321210590223344
-0.0322219635612431
-0.0323129282220072
-0.0323916116833807
-0.0324555199756176
-0.0325022095011671
-0.0325298568202412
-0.0325381127419200
-0.0325290620053029
-0.0326851220301427
-0.0328648630683599
-0.0330184066005117
-0.0331440836248431
-0.0332430534664767
-0.0333182885858647
-0.0333736999119096
-0.0334135532255857
-0.0334422245513837
-0.0336184718832453
-0.0338610966501716
-0.0340741021466580
-0.0342442973931953
-0.0343603281906206
-0.0344135438029973
-0.0343991147882277
-0.0343172940518886
-0.0341746134127992
-0.0341168870696493
-0.0341533812015717
-0.0341624613873772
-0.0341535410488711
-0.0341393746784324
-0.0341346633081592
-0.0341548515715229
-0.0342152625931016
-0.0343305960693034
-0.0346148823467962
-0.0351542089131978
-0.0357623545661467
-0.0364230281294791
-0.0371175649553346
-0.0378260085868032
-0.0385287164082386
-0.0392083800652496
-0.0398522214767441
-0.0405084101040449
-0.0413171182290160
-0.0420715263129232
-0.0427687163990800
-0.0434129654842215
-0.0440142524212299
-0.0445865541889383
-0.0451462012290531
-0.0457104798584844
-0.0463082588700412
-0.0470869918468544
-0.0478836287789297
-0.0487047467813160
-0.0495587470407919
-0.0504542251213862
-0.0513982708209610
-0.0523949745594152
-0.0534443727691158
-0.0545419889284824
-0.0556844284871032
-0.0567983932029308
-0.0578826490795359
-0.0589483623745135
-0.0600131965365669
-0.0610971884125604
-0.0622181352424061
-0.0633871968000681
-0.0646054044143358
-0.0657626582788524
-0.0668311936079531
-0.0678299877069735
-0.0687703613289876
-0.0696710289860918
-0.0705542655676903
-0.0714413309963704
-0.0723478179390071
-0.0732796339905855
-0.0741205505271436
-0.0748167532529265
-0.0754197656735238
-0.0759483422237053
-0.0764285625319081
-0.0768887544403372
-0.0773535946754780
-0.0778382125608945
-0.0783431692700407
-0.0787983814325424
-0.0790984127762895
-0.0792491311671004
-0.0792301852214603
-0.0790256809551271
-0.0786229807438079
-0.0780109244728664
-0.0771778020103224
-0.0761094427204649
-0.0748094737607867
-0.0732410695448158
-0.0713210297480686
-0.0690329486928749
-0.0663669112088838
-0.0633185990635596
-0.0598884295905355
-0.0560809630085326
-0.0519047250113582
-0.0474287112061100
-0.0428558530401930
-0.0379500898516423
-0.0327124578738538
-0.0271511685882906
-0.0212849982898613
-0.0151472425627404
-0.00878979774548228
-0.00228675691520697
0.00424108899193398
0.0101699081535198
0.0158528808483349
0.0211920109222228
0.0260873436078981
0.0304374207331101
0.0341384817084840
0.0370826119014365
0.0391553531446494
0.0402335305034359
0.0395649453773657
0.0375046362532416
0.0340598761852642
0.0291882464559796
0.0228599503042536
0.0150518384698066
0.00574001666148982
-0.00510790432151320
-0.0175395999251151
-0.0321304605843178
-0.0486833933194650
-0.0670625675131509
-0.0872791917234492
-0.109334395837335
-0.133218722868468
-0.158912269797663
-0.186385203491615
-0.215598164214817
-0.246816245760612
-0.279903642902463
-0.314532457724226
-0.350534198275346
-0.387708535276687
-0.425825870035914
-0.464631875183825
-0.503853721444248
-0.543207449609742
-0.582537752737660
-0.621586227527679
-0.659900073939726
-0.697191084860602
-0.733187675899748
-0.767638094499183
-0.800312582920267
-0.831004607355886
-0.859531268029039
-0.885755540712940
-0.909538859846266
-0.930701387765556
-0.949154574567343
-0.964831927172593
-0.977682896402320
-0.987666237604753
-0.994743573418844
-0.998873877933611
-1
-0.997983296364093
-0.992790916221628
-0.984384459807792
-0.972735529981216
-0.957825173315818
-0.939643001251080
-0.918186329370310
-0.893459720709571
-0.865473979385408
-0.834134923474485
-0.799524753691972
-0.761724694669911
-0.720848297086475
-0.677039288126810
-0.630467685527309
-0.581324650442645
-0.529816677530295
-0.476159774531554
-0.420559654539904
-0.363198318762165
-0.304309306074168
-0.244134568827178
-0.182919025753283
-0.120907166153371
-0.0583403397229230
0.00454500524556556
0.0675179824739040
0.130246732816328
0.192602534674584
0.254415299089732
0.315465111307200
0.375524313228860
0.434356014950403
0.491713060512481
0.547337616539810
0.600961590871167
0.652137595791551
0.700638863764679
0.746330192575897
0.788955827243725
0.828268243609694
0.864032907403404
0.896032518684027
0.924070513065265
0.947973770518557
0.967437019443813
0.982291671142968
0.992682507057351
0.998583494643601
1
0.996966870058430
0.989545383989363
0.977819289473110
0.961890325313973
0.941784320225163
0.917489691781640
0.889385604858903
0.857641980724305
0.822436255089327
0.783952845930350
0.742383032554072
0.697925084633178
0.650784542337061
0.601153426484273
0.549135154138352
0.495098978899567
0.439303855992946
0.382021561469564
0.323535541462309
0.264138933003322
0.204131796370581
0.143817684498180
0.0834997499606690
0.0235160668982408
-0.0359180311971994
-0.0945187018490299
-0.152011158054310
-0.208134953767144
-0.262648283972504
-0.315331338796593
-0.365988364073186
-0.414448235459021
-0.460402897059271
-0.503924237948738
-0.544939215828620
-0.583343293898990
-0.619034570382302
-0.651914066457731
-0.681886475794480
-0.708861092726287
-0.732752725486362
-0.753327885966499
-0.770680462929158
-0.784826015776157
-0.795694826940114
-0.803217647133478
-0.807333406645037
-0.807997411389537
-0.805189072362667
-0.798918334277042
-0.789159115891731
-0.776071432210221
-0.759844585323287
-0.740612269743392
-0.718528751098767
-0.693769494406375
-0.666531446588813
-0.637032624546306
-0.605510724766669
-0.572247305473960
-0.537552290658576
-0.501663212872948
-0.464837363105858
-0.427323793181455
-0.389361929006987
-0.351181422540641
-0.313003000480519
-0.275039932833833
-0.237578131234389
-0.200952052586026
-0.165109390351601
-0.130223769807190
-0.0964660914954174
-0.0640028361653870
-0.0329942857161543
-0.00359300988139810
0.0240571851445965
0.0497645103442151
0.0730585444868286
0.0943399245679523
0.113520739946647
0.130510839443342
0.145222956172775
0.157578285668419
0.167511644083654
0.174975557887696
0.179942937612362
0.181875365779287
0.181461150105851
0.178771370630967
0.173853553108801
0.166758947199755
0.157549201202506
0.146302606708494
0.133118848056906
0.118121537301280
0.101031703175610
0.0824996266645999
0.0628295699978468
0.0422062597941193
0.0208036856383819
-0.00121208124869243
-0.0236797027068452
-0.0464398208051968
-0.0693333057201386
-0.0924649066875158
-0.115440884919832
-0.137948393185354
-0.159842976928563
-0.181000272018283
-0.201311901251972
-0.220680975322303
-0.239017969250541
-0.256237582576112
-0.272372840673367
-0.287298008909087
-0.300811308418810
-0.312835120689813
-0.323305018674448
-0.332171122973242
-0.339399398623006
-0.344972781324016
-0.348891981479297
-0.351199189153621
-0.351966989080371
-0.351209734662086
-0.348977205302588
-0.345326950708036
-0.340324277036928
-0.334042388655509
-0.326562493573173
-0.317973681061691
-0.308363987666216
-0.297866016436076
-0.286636311969099
-0.274760169970920
-0.262312050800154
-0.249359536478928
-0.235968291117661
-0.222207215948557
-0.208152990445316
-0.193888808225723
-0.179520791182029
-0.165241359938084
-0.151145575489869
-0.137319199455614
-0.123839911245842
-0.110779178811968
-0.0982043870279983
-0.0861808131135662
-0.0747730792601791
-0.0640924286148434
-0.0542123091128854
-0.0451731446902042
-0.0370028736825643
-0.0297182319962559
-0.0233280592694691
-0.0178370596608084
-0.0132494899619366
-0.00957223947516361
-0.00693035713843604
-0.00526223732779374
-0.00454429656823230
-0.00478002988883608
-0.00597010113123875
-0.00811028612398679
-0.0111895651948644
-0.0151885997652170
-0.0200787328633951
-0.0259687751749325
-0.0327142614532032
-0.0401588326750113
-0.0482269462608893
-0.0568392618234361
-0.0659129549155906
-0.0753623705917916
-0.0851000964806044
-0.0950384097945587
-0.105226107316590
-0.115539250156458
-0.125738663174486
-0.135743619076339
-0.145484918571368
-0.154902326995867
-0.163941650996153
-0.172551985562376
-0.180683546588078
-0.188378283517965
-0.195633863475720
-0.202205631211539
-0.208033121718372
-0.213063454250442
-0.217251879688947
-0.220562534796563
-0.222969440045266
-0.224457665051123
-0.225067916624480
-0.224928075454261
-0.223878897739674
-0.221940139824288
-0.219144369469402
-0.215535779221285
-0.211168724847230
-0.206106127465504
-0.200417823538882
-0.194188054083835
-0.187639965328251
-0.180708862553545
-0.173453593920816
-0.165927341328352
-0.158178281275697
-0.150251073207565
-0.142188931885356
-0.134035946111869
-0.125839253875521
-0.117769062614543
-0.109797017700803
-0.101955487059154
-0.0942850683253678
-0.0868256491792243
-0.0796173550777310
-0.0727015000786393
-0.0661213767334370
-0.0599227008214367
-0.0542468399524354
-0.0490920006437212
-0.0444660165680073
-0.0403962850068860
-0.0369039388499546
-0.0340040061737057
-0.0317059832545445
-0.0300146960950973
-0.0289312675685820
-0.0285409014076048
-0.0288032850196340
-0.0296469105930040
-0.0310490369974417
-0.0329835589694691
-0.0354210991666006
-0.0383292989080106
-0.0416733591768892
-0.0454168105446919
-0.0496083202683613
-0.0542063184071182
-0.0590634835043007
-0.0641335471077882
-0.0693737592143919
-0.0747447801454819
-0.0802105324569864
-0.0857380946123874
-0.0912976396810326
-0.0969376981511727
-0.102699707278639
-0.108386835188720
-0.113963467835889
-0.119396606960434
-0.124654612861537
-0.129706175609746
-0.134519705269005
-0.139063211805223
-0.143352516685435
-0.147520094120944
-0.151299072200433
-0.154638078946079
-0.157488518760566
-0.159805944892878
-0.161551750224989
-0.162695107703586
-0.163214973798871
-0.163111131713845
-0.162643764110017
-0.161558562774668
-0.159855090302431
-0.157541196081975
-0.154633041397245
-0.151155310073286
-0.147141602287747
-0.142634892747616
-0.137687835129261
-0.132586336748438
-0.127216395227863
-0.121599299225749
-0.115782758128553
-0.109814349543585
-0.103742222466513
-0.0976162752719514
-0.0914895734426144
-0.0854196819744240
-0.0796225573104714
-0.0740789667183446
-0.0687874007402134
-0.0637940264822103
-0.0591426853667874
-0.0548749707864593
-0.0510305306673118
-0.0476474958543862
-0.0447628694328330
-0.0425111645982617
-0.0408973414927074
-0.0398725887550113
-0.0394471327815653
-0.0396249704542819
-0.0404034959922577
-0.0417734804516778
-0.0437194328189794
-0.0462202926921431
-0.0493157539570026
-0.0529804526763296
-0.0570886455889053
-0.0615964378504972
-0.0664593616870151
-0.0716322124658211
-0.0770687660302043
-0.0827214887915271
-0.0885413071476162
-0.0945254009374092
-0.100667359670417
-0.106785437309351
-0.112816927850707
-0.118700238401140
-0.124373887157175
-0.129775679335913
-0.134842304991655
-0.139509508878222
-0.143742727808443
-0.147597679749900
-0.150831956336281
-0.153379622520024
-0.155184474075987
-0.156201115553130
-0.156395836403106
-0.155747305667760
-0.154247041749708
-0.151901464680680
-0.148940092650921
-0.145154888467123
-0.140567872981642
-0.135210432117383
-0.129121145726843
-0.122343733649805
-0.114925376868240
-0.106915562692216
-0.0983654790094091
-0.0895310453565652
-0.0802879818998823
-0.0706379809374504
-0.0606160331580590
-0.0502600383215353
-0.0396130381707931
-0.0287257597298807
-0.0176591687420162
-0.00648664691575385
0.00453644771264961
0.0154077631338444
0.0261023751851847
0.0365239274048282
0.0465709288081950
0.0561388912001152
0.0651225156801221
0.0734178321378488
0.0809242752067666
0.0874247419107394
0.0928569846289941
0.0972539781936723
0.100575572021020
0.102797327493081
0.103909955926195
0.103917800465603
0.102836524916671
0.100690294997590
0.0974276163344952
0.0930530468551388
0.0877262246701953
0.0814990219003737
0.0744229185396599
0.0665482488352465
0.0579237898532502
0.0485966368294960
0.0386123503717963
0.0279653138403396
0.0166278590693940
0.00479244737859630
-0.00748098641559714
-0.0201299943964106
-0.0330878618424406
-0.0462821995807512
-0.0596341136322407
-0.0730580787830673
-0.0864859237127491
-0.0999424163868032
-0.113151789953726
-0.126003807874488
-0.138392042039914
-0.150215139805841
-0.161378020918937
-0.171793080465109
-0.181381414615530
-0.190074019061026
-0.197982345323858
-0.204864764288879
-0.210673731542003
-0.215379994454235
-0.218968394748647
-0.221436528973459
-0.222793361677085
-0.223057969904020
-0.222258509268971
-0.220578231503431
-0.217925698059804
-0.214309053823610
-0.209773781991250
-0.204372584673640
-0.198164891453121
-0.191216493227630
-0.183599252866713
-0.175390776128351
-0.166796359343451
-0.157829668846225
-0.148509956073090
-0.138911652605177
-0.129108330552370
-0.119171464535463
-0.109169519767328
-0.0991674401137184
-0.0892265241821673
-0.0795059419971842
-0.0700427228762479
-0.0607878205263794
-0.0517714642745994
-0.0430211968824124
-0.0345635110444265
-0.0264257963669379
-0.0186384173266065
-0.0112366603921543
-0.00434390793847150
0.00195381352918445
0.00774166777732988
0.0129762928288975
0.0176106019491965
0.0215959128767081
0.0248842225523983
0.0274303941257963
0.0291941034803250
0.0300836413145443
0.0299703695899739
0.0290315168151664
0.0272750547601665
0.0247171777290727
0.0213828714009864
0.0173059290242081
0.0125283065358819
0.00709883784954257
0.00104518345268523
-0.00575853280842953
-0.0129995451304745
-0.0206075317635086
-0.0285184352996211
-0.0366739520734554
-0.0450205658700833
-0.0535084511175108
-0.0620904961336974
-0.0707215888674697
-0.0795869062290775
-0.0883804602424381
-0.0970378925808093
-0.105512454785791
-0.113762558164642
-0.121750334645286
-0.129440438220743
-0.136799273220358
-0.143794710557003
-0.150577087733338
-0.156947854257302
-0.162822474901428
-0.168167825321271
-0.172957266265259
-0.177170156782397
-0.180791453165808
-0.183811519169716
-0.186226176329546
-0.188166958554608
-0.189564363531420
-0.190349318516158
-0.190526187208348
-0.190106152918810
-0.189107177275113
-0.187553982689165
-0.185478035468419
-0.182917440723488
-0.180004323711286
-0.176784994830414
-0.173218176758716
-0.169341934461094
-0.165194157679838
-0.160812079957000
-0.156232169950509
-0.151490372784948
-0.146622598223574
-0.141725460907293
-0.136885094832801
-0.132027079847436
-0.127170594130173
-0.122333292553522
-0.117532513268514
-0.112786742089940
-0.108117175122865
-0.103549155383475
-0.0991526702749375
-0.0950633683978599
-0.0911749049676733
-0.0875138807328189
-0.0841076842912989
-0.0809833679908814
-0.0781666633994977
-0.0756812580146551
-0.0735483694561478
-0.0718021418483357
-0.0706236053943194
-0.0698253810373819
-0.0694014492213138
-0.0693433566344426
-0.0696402719188427
-0.0702792780199613
-0.0712459487383905
-0.0725251643737830
-0.0741020327612658
-0.0761628191206032
-0.0784811916961807
-0.0810164040269796
-0.0837470562131217
-0.0866543769544881
-0.0897207758078993
-0.0929284959149361
-0.0962585813679227
-0.0996902657514824
-0.103377361438543
-0.107136718708068
-0.110876757903236
-0.114559445545959
-0.118149120032689
-0.121612301907607
-0.124917719363476
-0.128036629497892
-0.130943408462437
-0.133754465182565
-0.136369238640949
-0.138679056991790
-0.140665101467864
-0.142316027282554
-0.143626827161824
-0.144597628648666
-0.145232623949574
-0.145539243504480
-0.145622548390625
-0.145485543237483
-0.145027662336588
-0.144251526626181
-0.143162760463313
-0.141769844172940
-0.140084168985650
-0.138120302080155
-0.135896388421822
-0.133492344371386
-0.130982871121067
-0.128275238891799
-0.125388346758733
-0.122343778963765
-0.119165261653891
-0.115878195809610
-0.112509336943021
-0.109086627254416
-0.105669001285687
-0.102378284671282
-0.0991147391696627
-0.0958945642927107
-0.0927332057096404
-0.0896457132112729
-0.0866473483422845
-0.0837543848238538
-0.0809849770585516
-0.0783677003090435
-0.0760620737682141
-0.0739436688949271
-0.0720272759147778
-0.0703284235478778
-0.0688626999518855
-0.0676451141345793
-0.0666895894507211
-0.0660086188670555
-0.0656130476022780
-0.0656604430301726
-0.0660137501152236
-0.0666474771019556
-0.0675489727808674
-0.0687027642235147
-0.0700908329830712
-0.0716932118575728
-0.0734888631307316
-0.0754567197573364
-0.0777134386597544
-0.0801334468193558
-0.0826420526382787
-0.0852120091867732
-0.0878191281791763
-0.0904420185699122
-0.0930618734149202
-0.0956623902850382
-0.0982298313248218
-0.100872187723587
-0.103523302244159
-0.106085618224884
-0.108542199994207
-0.110879522985367
-0.113087098058734
-0.115157259768114
-0.117085172706613
-0.118869019773184
-0.120556736431813
-0.122133868941221
-0.123544492695832
-0.124803261173782
-0.125930880098735
-0.126950433771016
-0.127883340222537
-0.128745528196813
-0.129544413542345
-0.130306603705979
-0.131031262128896
-0.131621136621428
-0.132051240443227
-0.132299596925609
-0.132350451687447
-0.132197396924143
-0.131845989592975
-0.131315416458546
-0.130652968138803
-0.129942160884427
-0.129157188551703
-0.128359582331185
-0.127613434407358
-0.126977115278068
-0.126495026149904
-0.126190569013740
-0.126061436577292
-0.126080120736257
-0.126253631888237
-0.126417534896052
-0.126488840092492
-0.126389708361628
-0.126058350637431
-0.125459141336560
-0.124590577404837
-0.123489820987452
-0.122232849829062
-0.120992858766504
-0.119823126078567
-0.118858681950352
-0.118242877054714
-0.118097799591153
-0.118505762346751
-0.119494130111044
-0.121025768093131
-0.122996846857429
-0.125304338178760
-0.127670792861884
-0.129833889295214
-0.131564256947484
-0.132666222318390
-0.133003303620612
-0.132519022048458
-0.131250121737621
-0.129329925944185
-0.127036925688608
-0.124618175663887
-0.122358237208055
-0.120597940038451
-0.119645936452072
-0.119736839487816
-0.120994701637818
-0.123406667904948
-0.126810778747753
-0.130946034605558
-0.135369469879502
-0.139498715994768
-0.142792945000699
-0.144744677094430
-0.144940709820362
-0.143118804089138
-0.139213798039204
-0.133387506825047
-0.126068028361106
-0.117895918354227
-0.109591967087775
-0.102094516468384
-0.0964009707365667
-0.0934814855653887
-0.0941900946152385
-0.0991818701557574
-0.108844376480709
-0.123264452307781
-0.142228874801533
-0.165051205251596
-0.190853747820437
-0.218536623088368
-0.246859376554796
-0.274535239962834
-0.300329592683338
-0.323153734129749
