testingplz 
#domain: 10.200 0.300 0.002 
#dx_dy_dz: 0.002 0.002 0.002 
#time_window: 5.000000e-09 

#excitation_file: mala_source_modified.txt 
#hertzian_dipole: z 0.080 0.250 0 mala_source 
#rx: 0.120 0.250 0.000 
#src_steps: 0.002 0.000 0.000 
#rx_steps: 0.002 0.000 0.000 

#material: 5.000 0.220 1.000 0.000 concrete
#material: 10000000.000 10000000.000 100.000 0.000 rebar
#material: 1.000 0.000 1.000 0.000 air
#material: 80.000 0.500 1.000 0.000 water

#box: 0.000 0.000 0.000 10.200 0.250 0.002 concrete

#box: 0.294 0.158 0.000 0.329 0.187 0.002 water
#box: 0.723 0.105 0.000 0.751 0.131 0.002 water
#box: 0.836 0.135 0.000 0.870 0.208 0.002 water
#box: 1.027 0.106 0.000 1.037 0.111 0.002 water
#box: 1.168 0.162 0.000 1.237 0.210 0.002 water
#box: 1.570 0.173 0.000 1.616 0.188 0.002 water
#box: 2.016 0.147 0.000 2.060 0.179 0.002 water
#box: 2.206 0.116 0.000 2.260 0.127 0.002 water
#box: 2.376 0.176 0.000 2.428 0.190 0.002 water
#box: 2.841 0.108 0.000 2.856 0.143 0.002 water
#box: 3.106 0.103 0.000 3.184 0.167 0.002 water
#box: 3.505 0.138 0.000 3.537 0.152 0.002 water
#box: 3.868 0.193 0.000 3.929 0.197 0.002 water
#box: 4.295 0.131 0.000 4.340 0.161 0.002 water
#box: 4.634 0.180 0.000 4.691 0.194 0.002 water
#box: 4.792 0.175 0.000 4.822 0.192 0.002 water
#box: 5.046 0.183 0.000 5.113 0.203 0.002 water
#box: 5.303 0.172 0.000 5.344 0.182 0.002 water
#box: 5.538 0.161 0.000 5.601 0.200 0.002 water
#box: 5.896 0.128 0.000 5.936 0.156 0.002 water
#box: 6.121 0.109 0.000 6.137 0.153 0.002 water
#box: 6.417 0.166 0.000 6.444 0.177 0.002 water
#box: 6.592 0.185 0.000 6.613 0.203 0.002 water
#box: 6.726 0.126 0.000 6.804 0.185 0.002 water
#box: 7.121 0.170 0.000 7.191 0.182 0.002 water
#box: 7.318 0.118 0.000 7.390 0.198 0.002 water
#box: 7.803 0.161 0.000 7.830 0.186 0.002 water
#box: 8.026 0.110 0.000 8.084 0.171 0.002 water
#box: 8.297 0.156 0.000 8.320 0.201 0.002 water
#box: 8.765 0.146 0.000 8.831 0.211 0.002 water
#box: 9.108 0.167 0.000 9.151 0.215 0.002 water
#box: 9.323 0.193 0.000 9.344 0.207 0.002 water
#box: 9.513 0.176 0.000 9.556 0.216 0.002 water
#box: 9.969 0.183 0.000 10.019 0.216 0.002 water
#cylinder: 0.166 0.128 0.000 0.166 0.128 0.002 0.010 pec
#cylinder: 0.434 0.126 0.000 0.434 0.126 0.002 0.007 pec
#cylinder: 0.623 0.162 0.000 0.623 0.162 0.002 0.008 pec
#cylinder: 0.885 0.146 0.000 0.885 0.146 0.002 0.006 pec
#cylinder: 1.072 0.167 0.000 1.072 0.167 0.002 0.005 pec
#cylinder: 1.359 0.198 0.000 1.359 0.198 0.002 0.006 pec
#cylinder: 1.563 0.209 0.000 1.563 0.209 0.002 0.010 pec
#cylinder: 1.831 0.218 0.000 1.831 0.218 0.002 0.005 pec
#cylinder: 2.084 0.145 0.000 2.084 0.145 0.002 0.005 pec
#cylinder: 2.236 0.220 0.000 2.236 0.220 0.002 0.009 pec
#cylinder: 2.429 0.185 0.000 2.429 0.185 0.002 0.009 pec
#cylinder: 2.682 0.217 0.000 2.682 0.217 0.002 0.006 pec
#cylinder: 2.795 0.159 0.000 2.795 0.159 0.002 0.009 pec
#cylinder: 3.052 0.165 0.000 3.052 0.165 0.002 0.006 pec
#cylinder: 3.160 0.110 0.000 3.160 0.110 0.002 0.007 pec
#cylinder: 3.392 0.176 0.000 3.392 0.176 0.002 0.006 pec
#cylinder: 3.667 0.116 0.000 3.667 0.116 0.002 0.010 pec
#cylinder: 3.881 0.168 0.000 3.881 0.168 0.002 0.006 pec
#cylinder: 4.150 0.218 0.000 4.150 0.218 0.002 0.009 pec
#cylinder: 4.327 0.174 0.000 4.327 0.174 0.002 0.009 pec
#cylinder: 4.484 0.166 0.000 4.484 0.166 0.002 0.010 pec
#cylinder: 4.599 0.219 0.000 4.599 0.219 0.002 0.007 pec
#cylinder: 4.749 0.197 0.000 4.749 0.197 0.002 0.007 pec
#cylinder: 5.042 0.190 0.000 5.042 0.190 0.002 0.009 pec
#cylinder: 5.257 0.203 0.000 5.257 0.203 0.002 0.009 pec
#cylinder: 5.382 0.196 0.000 5.382 0.196 0.002 0.009 pec
#cylinder: 5.671 0.143 0.000 5.671 0.143 0.002 0.006 pec
#cylinder: 5.796 0.212 0.000 5.796 0.212 0.002 0.008 pec
#cylinder: 5.924 0.201 0.000 5.924 0.201 0.002 0.007 pec
#cylinder: 6.182 0.112 0.000 6.182 0.112 0.002 0.007 pec
#cylinder: 6.392 0.213 0.000 6.392 0.213 0.002 0.008 pec
#cylinder: 6.655 0.182 0.000 6.655 0.182 0.002 0.005 pec
#cylinder: 6.780 0.120 0.000 6.780 0.120 0.002 0.005 pec
#cylinder: 6.890 0.169 0.000 6.890 0.169 0.002 0.007 pec
#cylinder: 7.012 0.135 0.000 7.012 0.135 0.002 0.008 pec
#cylinder: 7.171 0.116 0.000 7.171 0.116 0.002 0.005 pec
#cylinder: 7.470 0.113 0.000 7.470 0.113 0.002 0.009 pec
#cylinder: 7.628 0.169 0.000 7.628 0.169 0.002 0.009 pec
#cylinder: 7.890 0.181 0.000 7.890 0.181 0.002 0.009 pec
#cylinder: 8.133 0.160 0.000 8.133 0.160 0.002 0.006 pec
#cylinder: 8.391 0.198 0.000 8.391 0.198 0.002 0.007 pec
#cylinder: 8.627 0.196 0.000 8.627 0.196 0.002 0.005 pec
#cylinder: 8.856 0.154 0.000 8.856 0.154 0.002 0.007 pec
#cylinder: 9.140 0.215 0.000 9.140 0.215 0.002 0.008 pec
#cylinder: 9.268 0.139 0.000 9.268 0.139 0.002 0.010 pec
#cylinder: 9.523 0.132 0.000 9.523 0.132 0.002 0.009 pec
#cylinder: 9.719 0.167 0.000 9.719 0.167 0.002 0.006 pec
#cylinder: 9.822 0.212 0.000 9.822 0.212 0.002 0.009 pec
#cylinder: 10.016 0.108 0.000 10.016 0.108 0.002 0.008 pec
