testingplz 
#domain: 10.200 0.300 0.002 
#dx_dy_dz: 0.002 0.002 0.002 
#time_window: 5.000000e-09 

#excitation_file: mala_source_modified.txt 
#hertzian_dipole: z 0.080 0.250 0 mala_source 
#rx: 0.120 0.250 0.000 
#src_steps: 0.002 0.000 0.000 
#rx_steps: 0.002 0.000 0.000 

#material: 5.000 0.220 1.000 0.000 concrete
#material: 10000000.000 10000000.000 100.000 0.000 rebar
#material: 1.000 0.000 1.000 0.000 air
#material: 80.000 0.500 1.000 0.000 water

#box: 0.000 0.000 0.000 10.200 0.250 0.002 concrete

#box: 0.440 0.151 0.000 0.514 0.216 0.002 water
#box: 0.705 0.175 0.000 0.771 0.184 0.002 water
#box: 1.184 0.109 0.000 1.229 0.127 0.002 water
#box: 1.374 0.162 0.000 1.421 0.164 0.002 water
#box: 1.674 0.136 0.000 1.751 0.195 0.002 water
#box: 1.916 0.133 0.000 1.982 0.143 0.002 water
#box: 2.317 0.151 0.000 2.335 0.157 0.002 water
#box: 2.778 0.189 0.000 2.847 0.215 0.002 water
#box: 3.038 0.137 0.000 3.051 0.203 0.002 water
#box: 3.184 0.172 0.000 3.227 0.217 0.002 water
#box: 3.466 0.142 0.000 3.477 0.179 0.002 water
#box: 3.572 0.123 0.000 3.647 0.209 0.002 water
#box: 4.010 0.154 0.000 4.079 0.212 0.002 water
#box: 4.179 0.178 0.000 4.215 0.184 0.002 water
#box: 4.530 0.173 0.000 4.583 0.202 0.002 water
#box: 4.721 0.129 0.000 4.750 0.186 0.002 water
#box: 4.848 0.132 0.000 4.889 0.195 0.002 water
#box: 5.159 0.124 0.000 5.190 0.196 0.002 water
#box: 5.601 0.185 0.000 5.613 0.194 0.002 water
#box: 6.061 0.150 0.000 6.113 0.168 0.002 water
#box: 6.270 0.126 0.000 6.340 0.132 0.002 water
#box: 6.715 0.183 0.000 6.783 0.210 0.002 water
#box: 6.963 0.152 0.000 7.016 0.213 0.002 water
#box: 7.163 0.098 0.000 7.173 0.179 0.002 water
#box: 7.663 0.165 0.000 7.710 0.218 0.002 water
#box: 7.929 0.110 0.000 8.000 0.125 0.002 water
#box: 8.387 0.173 0.000 8.460 0.186 0.002 water
#box: 8.523 0.167 0.000 8.592 0.173 0.002 water
#box: 8.943 0.109 0.000 8.984 0.139 0.002 water
#box: 9.363 0.196 0.000 9.393 0.198 0.002 water
#box: 9.542 0.151 0.000 9.553 0.193 0.002 water
#box: 9.923 0.168 0.000 9.935 0.205 0.002 water
