testingplz 
#domain: 10.200 0.300 0.002 
#dx_dy_dz: 0.002 0.002 0.002 
#time_window: 5.000000e-09 

#excitation_file: mala_source_modified.txt 
#hertzian_dipole: z 0.080 0.250 0 mala_source 
#rx: 0.120 0.250 0.000 
#src_steps: 0.002 0.000 0.000 
#rx_steps: 0.002 0.000 0.000 

#material: 5.000 0.220 1.000 0.000 concrete
#material: 10000000.000 10000000.000 100.000 0.000 rebar
#material: 1.000 0.000 1.000 0.000 air
#material: 80.000 0.500 1.000 0.000 water

#box: 0.000 0.000 0.000 10.200 0.250 0.002 concrete

#cylinder: 0.152 0.189 0.000 0.152 0.189 0.002 0.008 pec
#cylinder: 0.300 0.150 0.000 0.300 0.150 0.002 0.009 pec
#cylinder: 0.506 0.197 0.000 0.506 0.197 0.002 0.006 pec
#cylinder: 0.792 0.183 0.000 0.792 0.183 0.002 0.005 pec
#cylinder: 0.904 0.113 0.000 0.904 0.113 0.002 0.005 pec
#cylinder: 1.046 0.127 0.000 1.046 0.127 0.002 0.006 pec
#cylinder: 1.246 0.187 0.000 1.246 0.187 0.002 0.008 pec
#cylinder: 1.396 0.196 0.000 1.396 0.196 0.002 0.005 pec
#cylinder: 1.659 0.106 0.000 1.659 0.106 0.002 0.005 pec
#cylinder: 1.770 0.186 0.000 1.770 0.186 0.002 0.010 pec
#cylinder: 2.014 0.198 0.000 2.014 0.198 0.002 0.005 pec
#cylinder: 2.218 0.133 0.000 2.218 0.133 0.002 0.005 pec
#cylinder: 2.392 0.115 0.000 2.392 0.115 0.002 0.010 pec
#cylinder: 2.666 0.131 0.000 2.666 0.131 0.002 0.006 pec
#cylinder: 2.870 0.100 0.000 2.870 0.100 0.002 0.010 pec
#cylinder: 3.067 0.111 0.000 3.067 0.111 0.002 0.010 pec
#cylinder: 3.326 0.168 0.000 3.326 0.168 0.002 0.010 pec
#cylinder: 3.463 0.188 0.000 3.463 0.188 0.002 0.007 pec
#cylinder: 3.570 0.219 0.000 3.570 0.219 0.002 0.007 pec
#cylinder: 3.777 0.156 0.000 3.777 0.156 0.002 0.005 pec
#cylinder: 4.049 0.104 0.000 4.049 0.104 0.002 0.005 pec
#cylinder: 4.278 0.148 0.000 4.278 0.148 0.002 0.007 pec
#cylinder: 4.445 0.147 0.000 4.445 0.147 0.002 0.008 pec
#cylinder: 4.618 0.163 0.000 4.618 0.163 0.002 0.010 pec
#cylinder: 4.833 0.180 0.000 4.833 0.180 0.002 0.010 pec
#cylinder: 5.005 0.195 0.000 5.005 0.195 0.002 0.006 pec
#cylinder: 5.255 0.213 0.000 5.255 0.213 0.002 0.009 pec
#cylinder: 5.540 0.168 0.000 5.540 0.168 0.002 0.009 pec
#cylinder: 5.708 0.209 0.000 5.708 0.209 0.002 0.005 pec
#cylinder: 5.971 0.169 0.000 5.971 0.169 0.002 0.006 pec
#cylinder: 6.082 0.136 0.000 6.082 0.136 0.002 0.009 pec
#cylinder: 6.229 0.140 0.000 6.229 0.140 0.002 0.005 pec
#cylinder: 6.522 0.154 0.000 6.522 0.154 0.002 0.006 pec
#cylinder: 6.675 0.217 0.000 6.675 0.217 0.002 0.007 pec
#cylinder: 6.926 0.153 0.000 6.926 0.153 0.002 0.006 pec
#cylinder: 7.165 0.116 0.000 7.165 0.116 0.002 0.007 pec
#cylinder: 7.282 0.119 0.000 7.282 0.119 0.002 0.009 pec
#cylinder: 7.521 0.188 0.000 7.521 0.188 0.002 0.005 pec
#cylinder: 7.722 0.114 0.000 7.722 0.114 0.002 0.006 pec
#cylinder: 7.900 0.217 0.000 7.900 0.217 0.002 0.007 pec
#cylinder: 8.080 0.133 0.000 8.080 0.133 0.002 0.007 pec
#cylinder: 8.312 0.141 0.000 8.312 0.141 0.002 0.009 pec
#cylinder: 8.428 0.140 0.000 8.428 0.140 0.002 0.009 pec
#cylinder: 8.662 0.199 0.000 8.662 0.199 0.002 0.009 pec
#cylinder: 8.844 0.167 0.000 8.844 0.167 0.002 0.005 pec
#cylinder: 8.977 0.148 0.000 8.977 0.148 0.002 0.007 pec
#cylinder: 9.082 0.180 0.000 9.082 0.180 0.002 0.006 pec
#cylinder: 9.342 0.133 0.000 9.342 0.133 0.002 0.005 pec
#cylinder: 9.487 0.187 0.000 9.487 0.187 0.002 0.009 pec
#cylinder: 9.660 0.205 0.000 9.660 0.205 0.002 0.006 pec
#cylinder: 9.827 0.118 0.000 9.827 0.118 0.002 0.009 pec
#cylinder: 10.097 0.138 0.000 10.097 0.138 0.002 0.010 pec
