testingplz 
#domain: 10.200 0.300 0.002 
#dx_dy_dz: 0.002 0.002 0.002 
#time_window: 5.000000e-09 

#excitation_file: mala_source_modified.txt 
#hertzian_dipole: z 0.080 0.250 0 mala_source 
#rx: 0.120 0.250 0.000 
#src_steps: 0.002 0.000 0.000 
#rx_steps: 0.002 0.000 0.000 

#material: 5.000 0.220 1.000 0.000 concrete
#material: 10000000.000 10000000.000 100.000 0.000 rebar
#material: 1.000 0.000 1.000 0.000 air
#material: 80.000 0.500 1.000 0.000 water

#box: 0.000 0.000 0.000 10.200 0.250 0.002 concrete

#box: 0.263 0.133 0.000 0.276 0.149 0.002 water
#box: 0.563 0.106 0.000 0.595 0.161 0.002 water
#box: 1.053 0.104 0.000 1.132 0.210 0.002 water
#box: 1.189 0.108 0.000 1.245 0.160 0.002 water
#box: 1.506 0.122 0.000 1.516 0.208 0.002 water
#box: 1.946 0.126 0.000 1.982 0.163 0.002 water
#box: 2.060 0.185 0.000 2.120 0.201 0.002 water
#box: 2.542 0.181 0.000 2.555 0.218 0.002 water
#box: 2.780 0.192 0.000 2.850 0.204 0.002 water
#box: 2.982 0.159 0.000 3.055 0.186 0.002 water
#box: 3.085 0.183 0.000 3.131 0.209 0.002 water
#box: 3.290 0.112 0.000 3.330 0.198 0.002 water
#box: 3.612 0.116 0.000 3.661 0.128 0.002 water
#box: 3.755 0.174 0.000 3.822 0.176 0.002 water
#box: 4.141 0.161 0.000 4.220 0.177 0.002 water
#box: 4.420 0.109 0.000 4.450 0.210 0.002 water
#box: 4.882 0.111 0.000 4.925 0.184 0.002 water
#box: 5.281 0.160 0.000 5.310 0.216 0.002 water
#box: 5.669 0.112 0.000 5.746 0.190 0.002 water
#box: 5.931 0.176 0.000 5.943 0.216 0.002 water
#box: 6.106 0.115 0.000 6.120 0.210 0.002 water
#box: 6.425 0.117 0.000 6.489 0.182 0.002 water
#box: 6.867 0.174 0.000 6.924 0.211 0.002 water
#box: 6.997 0.127 0.000 7.060 0.187 0.002 water
#box: 7.494 0.111 0.000 7.547 0.177 0.002 water
#box: 7.682 0.139 0.000 7.708 0.163 0.002 water
#box: 7.977 0.171 0.000 8.048 0.219 0.002 water
#box: 8.282 0.123 0.000 8.352 0.157 0.002 water
#box: 8.587 0.136 0.000 8.602 0.140 0.002 water
#box: 8.963 0.120 0.000 9.017 0.157 0.002 water
#box: 9.231 0.154 0.000 9.308 0.202 0.002 water
#box: 9.619 0.174 0.000 9.684 0.188 0.002 water
#box: 9.955 0.195 0.000 10.035 0.198 0.002 water
#cylinder: 0.118 0.121 0.000 0.118 0.121 0.002 0.009 pec
#cylinder: 0.405 0.208 0.000 0.405 0.208 0.002 0.008 pec
#cylinder: 0.675 0.219 0.000 0.675 0.219 0.002 0.007 pec
#cylinder: 0.814 0.106 0.000 0.814 0.106 0.002 0.005 pec
#cylinder: 1.109 0.194 0.000 1.109 0.194 0.002 0.005 pec
#cylinder: 1.232 0.189 0.000 1.232 0.189 0.002 0.007 pec
#cylinder: 1.414 0.139 0.000 1.414 0.139 0.002 0.007 pec
#cylinder: 1.694 0.220 0.000 1.694 0.220 0.002 0.008 pec
#cylinder: 1.909 0.147 0.000 1.909 0.147 0.002 0.007 pec
#cylinder: 2.153 0.137 0.000 2.153 0.137 0.002 0.007 pec
#cylinder: 2.442 0.189 0.000 2.442 0.189 0.002 0.008 pec
#cylinder: 2.636 0.164 0.000 2.636 0.164 0.002 0.009 pec
#cylinder: 2.833 0.122 0.000 2.833 0.122 0.002 0.005 pec
#cylinder: 3.046 0.130 0.000 3.046 0.130 0.002 0.007 pec
#cylinder: 3.301 0.188 0.000 3.301 0.188 0.002 0.005 pec
#cylinder: 3.443 0.217 0.000 3.443 0.217 0.002 0.009 pec
#cylinder: 3.667 0.157 0.000 3.667 0.157 0.002 0.006 pec
#cylinder: 3.966 0.210 0.000 3.966 0.210 0.002 0.007 pec
#cylinder: 4.239 0.186 0.000 4.239 0.186 0.002 0.008 pec
#cylinder: 4.533 0.181 0.000 4.533 0.181 0.002 0.008 pec
#cylinder: 4.638 0.153 0.000 4.638 0.153 0.002 0.009 pec
#cylinder: 4.740 0.153 0.000 4.740 0.153 0.002 0.007 pec
#cylinder: 4.956 0.188 0.000 4.956 0.188 0.002 0.010 pec
#cylinder: 5.135 0.187 0.000 5.135 0.187 0.002 0.005 pec
#cylinder: 5.324 0.175 0.000 5.324 0.175 0.002 0.007 pec
#cylinder: 5.603 0.152 0.000 5.603 0.152 0.002 0.008 pec
#cylinder: 5.722 0.159 0.000 5.722 0.159 0.002 0.005 pec
#cylinder: 5.989 0.162 0.000 5.989 0.162 0.002 0.007 pec
#cylinder: 6.225 0.178 0.000 6.225 0.178 0.002 0.007 pec
#cylinder: 6.356 0.184 0.000 6.356 0.184 0.002 0.005 pec
#cylinder: 6.581 0.117 0.000 6.581 0.117 0.002 0.008 pec
#cylinder: 6.774 0.151 0.000 6.774 0.151 0.002 0.007 pec
#cylinder: 6.892 0.130 0.000 6.892 0.130 0.002 0.005 pec
#cylinder: 7.189 0.170 0.000 7.189 0.170 0.002 0.007 pec
#cylinder: 7.417 0.160 0.000 7.417 0.160 0.002 0.009 pec
#cylinder: 7.660 0.172 0.000 7.660 0.172 0.002 0.006 pec
#cylinder: 7.952 0.205 0.000 7.952 0.205 0.002 0.008 pec
#cylinder: 8.069 0.173 0.000 8.069 0.173 0.002 0.005 pec
#cylinder: 8.232 0.124 0.000 8.232 0.124 0.002 0.006 pec
#cylinder: 8.383 0.197 0.000 8.383 0.197 0.002 0.007 pec
#cylinder: 8.587 0.103 0.000 8.587 0.103 0.002 0.005 pec
#cylinder: 8.825 0.180 0.000 8.825 0.180 0.002 0.010 pec
#cylinder: 9.104 0.157 0.000 9.104 0.157 0.002 0.007 pec
#cylinder: 9.345 0.180 0.000 9.345 0.180 0.002 0.008 pec
#cylinder: 9.563 0.103 0.000 9.563 0.103 0.002 0.008 pec
#cylinder: 9.796 0.213 0.000 9.796 0.213 0.002 0.007 pec
#cylinder: 9.949 0.100 0.000 9.949 0.100 0.002 0.007 pec
