testingplz 
#domain: 10.200 0.300 0.002 
#dx_dy_dz: 0.002 0.002 0.002 
#time_window: 5.000000e-09 

#excitation_file: mala_source_modified.txt 
#hertzian_dipole: z 0.080 0.250 0 mala_source 
#rx: 0.120 0.250 0.000 
#src_steps: 0.002 0.000 0.000 
#rx_steps: 0.002 0.000 0.000 

#material: 5.000 0.220 1.000 0.000 concrete
#material: 10000000.000 10000000.000 100.000 0.000 rebar
#material: 1.000 0.000 1.000 0.000 air
#material: 80.000 0.500 1.000 0.000 water

#box: 0.000 0.000 0.000 10.200 0.250 0.002 concrete

#box: 0.117 0.111 0.000 0.134 0.168 0.002 air
#box: 0.470 0.198 0.000 0.481 0.207 0.002 air
#box: 0.831 0.162 0.000 0.846 0.246 0.002 air
#box: 1.309 0.198 0.000 1.323 0.225 0.002 air
#box: 1.722 0.141 0.000 1.734 0.167 0.002 air
#box: 2.221 0.145 0.000 2.223 0.173 0.002 air
#box: 2.707 0.121 0.000 2.709 0.129 0.002 air
#box: 3.171 0.166 0.000 3.182 0.181 0.002 air
#box: 3.564 0.174 0.000 3.583 0.213 0.002 air
#box: 3.727 0.132 0.000 3.730 0.180 0.002 air
#box: 4.061 0.218 0.000 4.081 0.247 0.002 air
#box: 4.434 0.168 0.000 4.436 0.173 0.002 air
#box: 4.823 0.113 0.000 4.828 0.124 0.002 air
#box: 4.986 0.191 0.000 5.001 0.246 0.002 air
#box: 5.116 0.226 0.000 5.118 0.243 0.002 air
#box: 5.599 0.115 0.000 5.605 0.135 0.002 air
#box: 5.839 0.189 0.000 5.844 0.238 0.002 air
#box: 6.077 0.144 0.000 6.095 0.214 0.002 air
#box: 6.226 0.203 0.000 6.245 0.244 0.002 air
#box: 6.505 0.177 0.000 6.519 0.192 0.002 air
#box: 6.905 0.104 0.000 6.920 0.114 0.002 air
#box: 7.098 0.215 0.000 7.110 0.226 0.002 air
#box: 7.587 0.193 0.000 7.607 0.238 0.002 air
#box: 7.696 0.207 0.000 7.716 0.221 0.002 air
#box: 7.894 0.151 0.000 7.900 0.209 0.002 air
#box: 8.313 0.164 0.000 8.316 0.234 0.002 air
#box: 8.533 0.202 0.000 8.550 0.223 0.002 air
#box: 8.698 0.155 0.000 8.711 0.241 0.002 air
#box: 8.921 0.135 0.000 8.935 0.148 0.002 air
#box: 9.220 0.143 0.000 9.237 0.249 0.002 air
#box: 9.669 0.172 0.000 9.686 0.196 0.002 air
#box: 10.008 0.205 0.000 10.012 0.211 0.002 air
#cylinder: 0.197 0.198 0.000 0.197 0.198 0.002 0.005 pec
#cylinder: 0.376 0.160 0.000 0.376 0.160 0.002 0.009 pec
#cylinder: 0.491 0.205 0.000 0.491 0.205 0.002 0.005 pec
#cylinder: 0.618 0.154 0.000 0.618 0.154 0.002 0.006 pec
#cylinder: 0.786 0.179 0.000 0.786 0.179 0.002 0.007 pec
#cylinder: 0.940 0.210 0.000 0.940 0.210 0.002 0.007 pec
#cylinder: 1.124 0.131 0.000 1.124 0.131 0.002 0.008 pec
#cylinder: 1.350 0.182 0.000 1.350 0.182 0.002 0.009 pec
#cylinder: 1.628 0.189 0.000 1.628 0.189 0.002 0.010 pec
#cylinder: 1.764 0.119 0.000 1.764 0.119 0.002 0.005 pec
#cylinder: 1.884 0.147 0.000 1.884 0.147 0.002 0.005 pec
#cylinder: 2.153 0.115 0.000 2.153 0.115 0.002 0.007 pec
#cylinder: 2.419 0.102 0.000 2.419 0.102 0.002 0.005 pec
#cylinder: 2.578 0.219 0.000 2.578 0.219 0.002 0.009 pec
#cylinder: 2.705 0.201 0.000 2.705 0.201 0.002 0.006 pec
#cylinder: 2.952 0.189 0.000 2.952 0.189 0.002 0.009 pec
#cylinder: 3.069 0.135 0.000 3.069 0.135 0.002 0.006 pec
#cylinder: 3.214 0.113 0.000 3.214 0.113 0.002 0.006 pec
#cylinder: 3.367 0.220 0.000 3.367 0.220 0.002 0.006 pec
#cylinder: 3.574 0.133 0.000 3.574 0.133 0.002 0.007 pec
#cylinder: 3.838 0.211 0.000 3.838 0.211 0.002 0.006 pec
#cylinder: 4.030 0.135 0.000 4.030 0.135 0.002 0.010 pec
#cylinder: 4.219 0.176 0.000 4.219 0.176 0.002 0.007 pec
#cylinder: 4.419 0.139 0.000 4.419 0.139 0.002 0.007 pec
#cylinder: 4.633 0.128 0.000 4.633 0.128 0.002 0.005 pec
#cylinder: 4.889 0.123 0.000 4.889 0.123 0.002 0.006 pec
#cylinder: 5.146 0.102 0.000 5.146 0.102 0.002 0.007 pec
#cylinder: 5.283 0.163 0.000 5.283 0.163 0.002 0.008 pec
#cylinder: 5.524 0.174 0.000 5.524 0.174 0.002 0.007 pec
#cylinder: 5.634 0.176 0.000 5.634 0.176 0.002 0.006 pec
#cylinder: 5.920 0.113 0.000 5.920 0.113 0.002 0.008 pec
#cylinder: 6.199 0.144 0.000 6.199 0.144 0.002 0.007 pec
#cylinder: 6.321 0.106 0.000 6.321 0.106 0.002 0.006 pec
#cylinder: 6.558 0.128 0.000 6.558 0.128 0.002 0.009 pec
#cylinder: 6.748 0.131 0.000 6.748 0.131 0.002 0.009 pec
#cylinder: 6.879 0.121 0.000 6.879 0.121 0.002 0.009 pec
#cylinder: 7.131 0.158 0.000 7.131 0.158 0.002 0.009 pec
#cylinder: 7.354 0.160 0.000 7.354 0.160 0.002 0.009 pec
#cylinder: 7.541 0.171 0.000 7.541 0.171 0.002 0.007 pec
#cylinder: 7.833 0.215 0.000 7.833 0.215 0.002 0.009 pec
#cylinder: 7.972 0.112 0.000 7.972 0.112 0.002 0.005 pec
#cylinder: 8.164 0.110 0.000 8.164 0.110 0.002 0.005 pec
#cylinder: 8.327 0.208 0.000 8.327 0.208 0.002 0.005 pec
#cylinder: 8.510 0.161 0.000 8.510 0.161 0.002 0.008 pec
#cylinder: 8.704 0.170 0.000 8.704 0.170 0.002 0.009 pec
#cylinder: 8.830 0.181 0.000 8.830 0.181 0.002 0.006 pec
#cylinder: 8.967 0.128 0.000 8.967 0.128 0.002 0.008 pec
#cylinder: 9.124 0.130 0.000 9.124 0.130 0.002 0.009 pec
#cylinder: 9.390 0.204 0.000 9.390 0.204 0.002 0.005 pec
#cylinder: 9.564 0.172 0.000 9.564 0.172 0.002 0.007 pec
#cylinder: 9.818 0.142 0.000 9.818 0.142 0.002 0.005 pec
