testingplz 
#domain: 10.200 0.300 0.002 
#dx_dy_dz: 0.002 0.002 0.002 
#time_window: 5.000000e-09 

#excitation_file: mala_source_modified.txt 
#hertzian_dipole: z 0.080 0.250 0 mala_source 
#rx: 0.120 0.250 0.000 
#src_steps: 0.002 0.000 0.000 
#rx_steps: 0.002 0.000 0.000 

#material: 5.000 0.220 1.000 0.000 concrete
#material: 10000000.000 10000000.000 100.000 0.000 rebar
#material: 1.000 0.000 1.000 0.000 air
#material: 80.000 0.500 1.000 0.000 water

#box: 0.000 0.000 0.000 10.200 0.250 0.002 concrete

#box: 0.252 0.156 0.000 0.265 0.169 0.002 air
#box: 0.419 0.194 0.000 0.423 0.238 0.002 air
#box: 0.614 0.128 0.000 0.633 0.157 0.002 air
#box: 0.857 0.114 0.000 0.860 0.121 0.002 air
#box: 1.181 0.180 0.000 1.187 0.197 0.002 air
#box: 1.484 0.202 0.000 1.500 0.247 0.002 air
#box: 1.712 0.211 0.000 1.732 0.241 0.002 air
#box: 1.923 0.168 0.000 1.931 0.203 0.002 air
#box: 2.063 0.214 0.000 2.072 0.246 0.002 air
#box: 2.269 0.151 0.000 2.278 0.233 0.002 air
#box: 2.609 0.208 0.000 2.628 0.226 0.002 air
#box: 2.773 0.191 0.000 2.785 0.199 0.002 air
#box: 2.952 0.141 0.000 2.956 0.212 0.002 air
#box: 3.069 0.161 0.000 3.077 0.233 0.002 air
#box: 3.277 0.180 0.000 3.287 0.228 0.002 air
#box: 3.757 0.203 0.000 3.760 0.236 0.002 air
#box: 4.017 0.119 0.000 4.020 0.181 0.002 air
#box: 4.462 0.138 0.000 4.468 0.141 0.002 air
#box: 4.656 0.114 0.000 4.659 0.162 0.002 air
#box: 4.756 0.174 0.000 4.762 0.195 0.002 air
#box: 4.995 0.138 0.000 5.006 0.171 0.002 air
#box: 5.448 0.170 0.000 5.452 0.236 0.002 air
#box: 5.769 0.121 0.000 5.784 0.225 0.002 air
#box: 5.871 0.202 0.000 5.875 0.230 0.002 air
#box: 6.068 0.145 0.000 6.072 0.224 0.002 air
#box: 6.183 0.186 0.000 6.203 0.196 0.002 air
#box: 6.297 0.218 0.000 6.304 0.246 0.002 air
#box: 6.653 0.214 0.000 6.659 0.250 0.002 air
#box: 6.975 0.117 0.000 6.986 0.123 0.002 air
#box: 7.278 0.132 0.000 7.296 0.241 0.002 air
#box: 7.754 0.121 0.000 7.760 0.126 0.002 air
#box: 8.119 0.191 0.000 8.123 0.236 0.002 air
#box: 8.286 0.108 0.000 8.296 0.226 0.002 air
#box: 8.447 0.116 0.000 8.454 0.169 0.002 air
#box: 8.913 0.222 0.000 8.917 0.244 0.002 air
#box: 9.044 0.121 0.000 9.048 0.172 0.002 air
#box: 9.184 0.213 0.000 9.202 0.230 0.002 air
#box: 9.527 0.222 0.000 9.541 0.243 0.002 air
#box: 9.704 0.124 0.000 9.717 0.161 0.002 air
#box: 9.981 0.177 0.000 9.987 0.220 0.002 air
#cylinder: 0.120 0.215 0.000 0.120 0.215 0.002 0.008 pec
#cylinder: 0.325 0.103 0.000 0.325 0.103 0.002 0.009 pec
#cylinder: 0.622 0.165 0.000 0.622 0.165 0.002 0.009 pec
#cylinder: 0.887 0.190 0.000 0.887 0.190 0.002 0.005 pec
#cylinder: 1.180 0.134 0.000 1.180 0.134 0.002 0.009 pec
#cylinder: 1.306 0.212 0.000 1.306 0.212 0.002 0.008 pec
#cylinder: 1.435 0.122 0.000 1.435 0.122 0.002 0.009 pec
#cylinder: 1.546 0.214 0.000 1.546 0.214 0.002 0.006 pec
#cylinder: 1.722 0.206 0.000 1.722 0.206 0.002 0.009 pec
#cylinder: 1.884 0.193 0.000 1.884 0.193 0.002 0.006 pec
#cylinder: 2.002 0.159 0.000 2.002 0.159 0.002 0.009 pec
#cylinder: 2.290 0.146 0.000 2.290 0.146 0.002 0.007 pec
#cylinder: 2.498 0.212 0.000 2.498 0.212 0.002 0.009 pec
#cylinder: 2.771 0.204 0.000 2.771 0.204 0.002 0.005 pec
#cylinder: 3.068 0.191 0.000 3.068 0.191 0.002 0.009 pec
#cylinder: 3.274 0.168 0.000 3.274 0.168 0.002 0.007 pec
#cylinder: 3.542 0.109 0.000 3.542 0.109 0.002 0.010 pec
#cylinder: 3.673 0.113 0.000 3.673 0.113 0.002 0.009 pec
#cylinder: 3.903 0.125 0.000 3.903 0.125 0.002 0.005 pec
#cylinder: 4.198 0.141 0.000 4.198 0.141 0.002 0.005 pec
#cylinder: 4.479 0.134 0.000 4.479 0.134 0.002 0.006 pec
#cylinder: 4.594 0.206 0.000 4.594 0.206 0.002 0.007 pec
#cylinder: 4.865 0.163 0.000 4.865 0.163 0.002 0.005 pec
#cylinder: 5.046 0.104 0.000 5.046 0.104 0.002 0.009 pec
#cylinder: 5.160 0.173 0.000 5.160 0.173 0.002 0.009 pec
#cylinder: 5.378 0.214 0.000 5.378 0.214 0.002 0.010 pec
#cylinder: 5.492 0.176 0.000 5.492 0.176 0.002 0.010 pec
#cylinder: 5.602 0.184 0.000 5.602 0.184 0.002 0.005 pec
#cylinder: 5.824 0.121 0.000 5.824 0.121 0.002 0.006 pec
#cylinder: 6.065 0.202 0.000 6.065 0.202 0.002 0.006 pec
#cylinder: 6.277 0.205 0.000 6.277 0.205 0.002 0.007 pec
#cylinder: 6.544 0.210 0.000 6.544 0.210 0.002 0.009 pec
#cylinder: 6.808 0.180 0.000 6.808 0.180 0.002 0.006 pec
#cylinder: 6.936 0.106 0.000 6.936 0.106 0.002 0.005 pec
#cylinder: 7.038 0.207 0.000 7.038 0.207 0.002 0.005 pec
#cylinder: 7.158 0.114 0.000 7.158 0.114 0.002 0.006 pec
#cylinder: 7.458 0.155 0.000 7.458 0.155 0.002 0.005 pec
#cylinder: 7.730 0.183 0.000 7.730 0.183 0.002 0.010 pec
#cylinder: 7.964 0.204 0.000 7.964 0.204 0.002 0.006 pec
#cylinder: 8.100 0.115 0.000 8.100 0.115 0.002 0.009 pec
#cylinder: 8.357 0.111 0.000 8.357 0.111 0.002 0.006 pec
#cylinder: 8.606 0.193 0.000 8.606 0.193 0.002 0.006 pec
#cylinder: 8.781 0.204 0.000 8.781 0.204 0.002 0.005 pec
#cylinder: 8.912 0.167 0.000 8.912 0.167 0.002 0.007 pec
#cylinder: 9.113 0.151 0.000 9.113 0.151 0.002 0.005 pec
#cylinder: 9.243 0.127 0.000 9.243 0.127 0.002 0.009 pec
#cylinder: 9.375 0.106 0.000 9.375 0.106 0.002 0.008 pec
#cylinder: 9.611 0.177 0.000 9.611 0.177 0.002 0.009 pec
#cylinder: 9.793 0.170 0.000 9.793 0.170 0.002 0.007 pec
#cylinder: 10.015 0.151 0.000 10.015 0.151 0.002 0.010 pec
