testingplz 
#domain: 10.200 0.300 0.002 
#dx_dy_dz: 0.002 0.002 0.002 
#time_window: 5.000000e-09 

#excitation_file: mala_source_modified.txt 
#hertzian_dipole: z 0.080 0.250 0 mala_source 
#rx: 0.120 0.250 0.000 
#src_steps: 0.002 0.000 0.000 
#rx_steps: 0.002 0.000 0.000 

#material: 5.000 0.220 1.000 0.000 concrete
#material: 10000000.000 10000000.000 100.000 0.000 rebar
#material: 1.000 0.000 1.000 0.000 air
#material: 80.000 0.500 1.000 0.000 water

#box: 0.000 0.000 0.000 10.200 0.250 0.002 concrete

#box: 0.104 0.170 0.000 0.124 0.214 0.002 air
#box: 0.295 0.171 0.000 0.310 0.199 0.002 air
#box: 0.774 0.113 0.000 0.794 0.127 0.002 air
#box: 1.110 0.100 0.000 1.119 0.159 0.002 air
#box: 1.391 0.183 0.000 1.401 0.243 0.002 air
#box: 1.695 0.105 0.000 1.712 0.138 0.002 air
#box: 2.188 0.207 0.000 2.205 0.222 0.002 air
#box: 2.644 0.137 0.000 2.660 0.244 0.002 air
#box: 3.097 0.107 0.000 3.116 0.195 0.002 air
#box: 3.411 0.179 0.000 3.429 0.238 0.002 air
#box: 3.577 0.097 0.000 3.588 0.231 0.002 air
#box: 3.922 0.220 0.000 3.941 0.226 0.002 air
#box: 4.318 0.210 0.000 4.333 0.216 0.002 air
#box: 4.444 0.105 0.000 4.463 0.173 0.002 air
#box: 4.695 0.113 0.000 4.703 0.174 0.002 air
#box: 5.061 0.222 0.000 5.078 0.231 0.002 air
#box: 5.476 0.113 0.000 5.480 0.229 0.002 air
#box: 5.794 0.224 0.000 5.805 0.226 0.002 air
#box: 6.051 0.115 0.000 6.070 0.132 0.002 air
#box: 6.176 0.106 0.000 6.187 0.118 0.002 air
#box: 6.566 0.174 0.000 6.568 0.222 0.002 air
#box: 7.039 0.196 0.000 7.046 0.232 0.002 air
#box: 7.389 0.153 0.000 7.391 0.181 0.002 air
#box: 7.534 0.097 0.000 7.541 0.121 0.002 air
#box: 8.017 0.151 0.000 8.026 0.205 0.002 air
#box: 8.271 0.210 0.000 8.282 0.214 0.002 air
#box: 8.742 0.124 0.000 8.747 0.249 0.002 air
#box: 9.021 0.212 0.000 9.036 0.217 0.002 air
#box: 9.378 0.119 0.000 9.381 0.126 0.002 air
#box: 9.853 0.163 0.000 9.865 0.214 0.002 air
#cylinder: 0.213 0.220 0.000 0.213 0.220 0.002 0.009 pec
#cylinder: 0.415 0.142 0.000 0.415 0.142 0.002 0.005 pec
#cylinder: 0.574 0.147 0.000 0.574 0.147 0.002 0.008 pec
#cylinder: 0.857 0.165 0.000 0.857 0.165 0.002 0.008 pec
#cylinder: 1.086 0.184 0.000 1.086 0.184 0.002 0.007 pec
#cylinder: 1.320 0.209 0.000 1.320 0.209 0.002 0.006 pec
#cylinder: 1.560 0.174 0.000 1.560 0.174 0.002 0.009 pec
#cylinder: 1.773 0.217 0.000 1.773 0.217 0.002 0.008 pec
#cylinder: 1.992 0.178 0.000 1.992 0.178 0.002 0.009 pec
#cylinder: 2.123 0.185 0.000 2.123 0.185 0.002 0.006 pec
#cylinder: 2.327 0.213 0.000 2.327 0.213 0.002 0.009 pec
#cylinder: 2.431 0.105 0.000 2.431 0.105 0.002 0.009 pec
#cylinder: 2.696 0.211 0.000 2.696 0.211 0.002 0.010 pec
#cylinder: 2.853 0.123 0.000 2.853 0.123 0.002 0.009 pec
#cylinder: 3.030 0.103 0.000 3.030 0.103 0.002 0.006 pec
#cylinder: 3.234 0.211 0.000 3.234 0.211 0.002 0.006 pec
#cylinder: 3.370 0.148 0.000 3.370 0.148 0.002 0.009 pec
#cylinder: 3.481 0.173 0.000 3.481 0.173 0.002 0.009 pec
#cylinder: 3.587 0.116 0.000 3.587 0.116 0.002 0.009 pec
#cylinder: 3.820 0.168 0.000 3.820 0.168 0.002 0.009 pec
#cylinder: 3.963 0.142 0.000 3.963 0.142 0.002 0.007 pec
#cylinder: 4.139 0.179 0.000 4.139 0.179 0.002 0.010 pec
#cylinder: 4.350 0.172 0.000 4.350 0.172 0.002 0.007 pec
#cylinder: 4.517 0.167 0.000 4.517 0.167 0.002 0.007 pec
#cylinder: 4.731 0.217 0.000 4.731 0.217 0.002 0.008 pec
#cylinder: 4.989 0.193 0.000 4.989 0.193 0.002 0.009 pec
#cylinder: 5.119 0.195 0.000 5.119 0.195 0.002 0.008 pec
#cylinder: 5.380 0.125 0.000 5.380 0.125 0.002 0.005 pec
#cylinder: 5.593 0.102 0.000 5.593 0.102 0.002 0.006 pec
#cylinder: 5.721 0.190 0.000 5.721 0.190 0.002 0.009 pec
#cylinder: 5.935 0.128 0.000 5.935 0.128 0.002 0.007 pec
#cylinder: 6.133 0.188 0.000 6.133 0.188 0.002 0.006 pec
#cylinder: 6.268 0.172 0.000 6.268 0.172 0.002 0.005 pec
#cylinder: 6.481 0.163 0.000 6.481 0.163 0.002 0.007 pec
#cylinder: 6.686 0.117 0.000 6.686 0.117 0.002 0.007 pec
#cylinder: 6.920 0.192 0.000 6.920 0.192 0.002 0.009 pec
#cylinder: 7.029 0.104 0.000 7.029 0.104 0.002 0.009 pec
#cylinder: 7.172 0.164 0.000 7.172 0.164 0.002 0.006 pec
#cylinder: 7.421 0.175 0.000 7.421 0.175 0.002 0.008 pec
#cylinder: 7.719 0.127 0.000 7.719 0.127 0.002 0.006 pec
#cylinder: 7.844 0.166 0.000 7.844 0.166 0.002 0.006 pec
#cylinder: 7.980 0.114 0.000 7.980 0.114 0.002 0.007 pec
#cylinder: 8.193 0.153 0.000 8.193 0.153 0.002 0.010 pec
#cylinder: 8.425 0.105 0.000 8.425 0.105 0.002 0.005 pec
#cylinder: 8.695 0.151 0.000 8.695 0.151 0.002 0.006 pec
#cylinder: 8.844 0.162 0.000 8.844 0.162 0.002 0.009 pec
#cylinder: 9.060 0.183 0.000 9.060 0.183 0.002 0.005 pec
#cylinder: 9.279 0.139 0.000 9.279 0.139 0.002 0.009 pec
#cylinder: 9.499 0.152 0.000 9.499 0.152 0.002 0.006 pec
#cylinder: 9.729 0.105 0.000 9.729 0.105 0.002 0.007 pec
#cylinder: 9.847 0.213 0.000 9.847 0.213 0.002 0.006 pec
#cylinder: 10.032 0.124 0.000 10.032 0.124 0.002 0.006 pec
