testingplz 
#domain: 10.200 0.300 0.002 
#dx_dy_dz: 0.002 0.002 0.002 
#time_window: 5.000000e-09 

#excitation_file: mala_source_modified.txt 
#hertzian_dipole: z 0.080 0.250 0 mala_source 
#rx: 0.120 0.250 0.000 
#src_steps: 0.002 0.000 0.000 
#rx_steps: 0.002 0.000 0.000 

#material: 5.000 0.220 1.000 0.000 concrete
#material: 10000000.000 10000000.000 100.000 0.000 rebar
#material: 1.000 0.000 1.000 0.000 air
#material: 80.000 0.500 1.000 0.000 water

#box: 0.000 0.000 0.000 10.200 0.250 0.002 concrete

#box: 0.284 0.105 0.000 0.363 0.130 0.002 water
#box: 0.497 0.107 0.000 0.562 0.196 0.002 water
#box: 0.914 0.113 0.000 0.930 0.202 0.002 water
#box: 1.127 0.170 0.000 1.179 0.173 0.002 water
#box: 1.604 0.097 0.000 1.625 0.179 0.002 water
#box: 1.745 0.122 0.000 1.778 0.173 0.002 water
#box: 1.849 0.124 0.000 1.929 0.135 0.002 water
#box: 2.344 0.145 0.000 2.419 0.209 0.002 water
#box: 2.477 0.156 0.000 2.496 0.163 0.002 water
#box: 2.638 0.166 0.000 2.688 0.172 0.002 water
#box: 2.872 0.185 0.000 2.892 0.193 0.002 water
#box: 3.250 0.160 0.000 3.274 0.183 0.002 water
#box: 3.735 0.129 0.000 3.784 0.144 0.002 water
#box: 3.883 0.159 0.000 3.911 0.165 0.002 water
#box: 4.299 0.114 0.000 4.371 0.126 0.002 water
#box: 4.400 0.162 0.000 4.447 0.198 0.002 water
#box: 4.719 0.138 0.000 4.729 0.214 0.002 water
#box: 4.826 0.122 0.000 4.852 0.198 0.002 water
#box: 4.986 0.122 0.000 5.031 0.188 0.002 water
#box: 5.227 0.172 0.000 5.253 0.220 0.002 water
#box: 5.504 0.142 0.000 5.561 0.181 0.002 water
#box: 5.894 0.096 0.000 5.949 0.138 0.002 water
#box: 6.317 0.185 0.000 6.359 0.216 0.002 water
#box: 6.560 0.193 0.000 6.636 0.196 0.002 water
#box: 6.703 0.096 0.000 6.717 0.163 0.002 water
#box: 6.956 0.133 0.000 6.967 0.166 0.002 water
#box: 7.408 0.149 0.000 7.420 0.182 0.002 water
#box: 7.643 0.136 0.000 7.663 0.180 0.002 water
#box: 8.079 0.177 0.000 8.092 0.197 0.002 water
#box: 8.494 0.135 0.000 8.539 0.179 0.002 water
#box: 8.616 0.170 0.000 8.693 0.185 0.002 water
#box: 9.022 0.170 0.000 9.039 0.177 0.002 water
#box: 9.215 0.147 0.000 9.259 0.209 0.002 water
#box: 9.655 0.169 0.000 9.682 0.176 0.002 water
