testingplz 
#domain: 10.200 0.300 0.002 
#dx_dy_dz: 0.002 0.002 0.002 
#time_window: 5.000000e-09 

#excitation_file: mala_source_modified.txt 
#hertzian_dipole: z 0.080 0.250 0 mala_source 
#rx: 0.120 0.250 0.000 
#src_steps: 0.002 0.000 0.000 
#rx_steps: 0.002 0.000 0.000 

#material: 5.000 0.220 1.000 0.000 concrete
#material: 10000000.000 10000000.000 100.000 0.000 rebar
#material: 1.000 0.000 1.000 0.000 air
#material: 80.000 0.500 1.000 0.000 water

#box: 0.000 0.000 0.000 10.200 0.250 0.002 concrete

#box: 0.389 0.117 0.000 0.451 0.215 0.002 water
#box: 0.654 0.147 0.000 0.685 0.204 0.002 water
#box: 0.941 0.124 0.000 0.953 0.168 0.002 water
#box: 1.173 0.148 0.000 1.241 0.177 0.002 water
#box: 1.366 0.162 0.000 1.378 0.201 0.002 water
#box: 1.701 0.126 0.000 1.717 0.158 0.002 water
#box: 1.908 0.192 0.000 1.926 0.216 0.002 water
#box: 2.373 0.144 0.000 2.410 0.208 0.002 water
#box: 2.635 0.158 0.000 2.695 0.174 0.002 water
#box: 3.116 0.129 0.000 3.138 0.203 0.002 water
#box: 3.498 0.105 0.000 3.566 0.124 0.002 water
#box: 3.709 0.114 0.000 3.721 0.169 0.002 water
#box: 3.986 0.195 0.000 4.056 0.219 0.002 water
#box: 4.235 0.148 0.000 4.264 0.192 0.002 water
#box: 4.576 0.109 0.000 4.620 0.128 0.002 water
#box: 4.818 0.127 0.000 4.829 0.134 0.002 water
#box: 5.133 0.099 0.000 5.207 0.146 0.002 water
#box: 5.599 0.134 0.000 5.622 0.146 0.002 water
#box: 5.955 0.162 0.000 5.998 0.210 0.002 water
#box: 6.139 0.106 0.000 6.149 0.173 0.002 water
#box: 6.490 0.096 0.000 6.525 0.108 0.002 water
#box: 6.735 0.104 0.000 6.753 0.215 0.002 water
#box: 6.979 0.184 0.000 7.034 0.187 0.002 water
#box: 7.258 0.180 0.000 7.321 0.187 0.002 water
#box: 7.537 0.170 0.000 7.582 0.206 0.002 water
#box: 7.883 0.180 0.000 7.943 0.189 0.002 water
#box: 8.210 0.125 0.000 8.273 0.142 0.002 water
#box: 8.411 0.153 0.000 8.485 0.217 0.002 water
#box: 8.617 0.105 0.000 8.696 0.173 0.002 water
#box: 8.737 0.151 0.000 8.813 0.163 0.002 water
#box: 9.119 0.157 0.000 9.168 0.217 0.002 water
#box: 9.234 0.196 0.000 9.292 0.205 0.002 water
#box: 9.561 0.139 0.000 9.621 0.200 0.002 water
#box: 9.757 0.192 0.000 9.792 0.218 0.002 water
#box: 9.968 0.145 0.000 9.999 0.175 0.002 water
