testingplz 
#domain: 10.200 0.300 0.002 
#dx_dy_dz: 0.002 0.002 0.002 
#time_window: 5.000000e-09 

#excitation_file: mala_source_modified.txt 
#hertzian_dipole: z 0.080 0.250 0 mala_source 
#rx: 0.120 0.250 0.000 
#src_steps: 0.002 0.000 0.000 
#rx_steps: 0.002 0.000 0.000 

#material: 5.000 0.220 1.000 0.000 concrete
#material: 10000000.000 10000000.000 100.000 0.000 rebar
#material: 1.000 0.000 1.000 0.000 air
#material: 80.000 0.500 1.000 0.000 water

#box: 0.000 0.000 0.000 10.200 0.250 0.002 concrete

#box: 0.258 0.166 0.000 0.298 0.185 0.002 water
#box: 0.510 0.151 0.000 0.570 0.218 0.002 water
#box: 0.742 0.099 0.000 0.804 0.133 0.002 water
#box: 0.948 0.161 0.000 0.996 0.186 0.002 water
#box: 1.431 0.103 0.000 1.480 0.140 0.002 water
#box: 1.777 0.114 0.000 1.857 0.164 0.002 water
#box: 2.149 0.118 0.000 2.223 0.154 0.002 water
#box: 2.284 0.096 0.000 2.313 0.126 0.002 water
#box: 2.475 0.154 0.000 2.532 0.166 0.002 water
#box: 2.813 0.172 0.000 2.834 0.202 0.002 water
#box: 3.265 0.169 0.000 3.332 0.202 0.002 water
#box: 3.507 0.178 0.000 3.529 0.209 0.002 water
#box: 3.706 0.146 0.000 3.785 0.154 0.002 water
#box: 3.980 0.191 0.000 3.995 0.216 0.002 water
#box: 4.391 0.153 0.000 4.415 0.156 0.002 water
#box: 4.804 0.166 0.000 4.834 0.215 0.002 water
#box: 5.147 0.174 0.000 5.225 0.180 0.002 water
#box: 5.615 0.193 0.000 5.682 0.209 0.002 water
#box: 5.840 0.180 0.000 5.877 0.194 0.002 water
#box: 6.304 0.165 0.000 6.379 0.198 0.002 water
#box: 6.718 0.120 0.000 6.757 0.132 0.002 water
#box: 7.161 0.189 0.000 7.194 0.197 0.002 water
#box: 7.337 0.172 0.000 7.399 0.188 0.002 water
#box: 7.667 0.118 0.000 7.677 0.180 0.002 water
#box: 7.970 0.135 0.000 8.042 0.180 0.002 water
#box: 8.383 0.144 0.000 8.426 0.214 0.002 water
#box: 8.551 0.190 0.000 8.588 0.206 0.002 water
#box: 9.004 0.168 0.000 9.025 0.215 0.002 water
#box: 9.504 0.098 0.000 9.578 0.212 0.002 water
#box: 9.812 0.139 0.000 9.864 0.189 0.002 water
