testingplz 
#domain: 10.200 0.300 0.002 
#dx_dy_dz: 0.002 0.002 0.002 
#time_window: 5.000000e-09 

#excitation_file: mala_source_modified.txt 
#hertzian_dipole: z 0.080 0.250 0 mala_source 
#rx: 0.120 0.250 0.000 
#src_steps: 0.002 0.000 0.000 
#rx_steps: 0.002 0.000 0.000 

#material: 5.000 0.220 1.000 0.000 concrete
#material: 10000000.000 10000000.000 100.000 0.000 rebar
#material: 1.000 0.000 1.000 0.000 air
#material: 80.000 0.500 1.000 0.000 water

#box: 0.000 0.000 0.000 10.200 0.250 0.002 concrete

#box: 0.304 0.107 0.000 0.329 0.146 0.002 water
#box: 0.501 0.098 0.000 0.571 0.100 0.002 water
#box: 0.999 0.124 0.000 1.037 0.179 0.002 water
#box: 1.130 0.154 0.000 1.205 0.185 0.002 water
#box: 1.275 0.102 0.000 1.349 0.196 0.002 water
#box: 1.451 0.099 0.000 1.485 0.111 0.002 water
#box: 1.709 0.101 0.000 1.785 0.173 0.002 water
#box: 2.067 0.142 0.000 2.133 0.163 0.002 water
#box: 2.410 0.163 0.000 2.429 0.172 0.002 water
#box: 2.819 0.119 0.000 2.854 0.167 0.002 water
#box: 3.313 0.159 0.000 3.332 0.207 0.002 water
#box: 3.684 0.109 0.000 3.755 0.188 0.002 water
#box: 4.007 0.114 0.000 4.074 0.134 0.002 water
#box: 4.272 0.109 0.000 4.310 0.140 0.002 water
#box: 4.426 0.100 0.000 4.467 0.162 0.002 water
#box: 4.909 0.134 0.000 4.922 0.186 0.002 water
#box: 5.273 0.098 0.000 5.329 0.173 0.002 water
#box: 5.483 0.161 0.000 5.502 0.194 0.002 water
#box: 5.732 0.107 0.000 5.810 0.121 0.002 water
#box: 6.161 0.132 0.000 6.209 0.217 0.002 water
#box: 6.613 0.140 0.000 6.687 0.173 0.002 water
#box: 7.010 0.141 0.000 7.031 0.197 0.002 water
#box: 7.335 0.111 0.000 7.385 0.134 0.002 water
#box: 7.489 0.132 0.000 7.520 0.151 0.002 water
#box: 7.728 0.126 0.000 7.801 0.158 0.002 water
#box: 7.996 0.158 0.000 8.066 0.191 0.002 water
#box: 8.393 0.175 0.000 8.465 0.212 0.002 water
#box: 8.791 0.151 0.000 8.801 0.218 0.002 water
#box: 8.952 0.169 0.000 9.004 0.215 0.002 water
#box: 9.282 0.182 0.000 9.358 0.208 0.002 water
#box: 9.464 0.121 0.000 9.511 0.164 0.002 water
#box: 9.737 0.162 0.000 9.792 0.216 0.002 water
#box: 10.091 0.166 0.000 10.135 0.211 0.002 water
#cylinder: 0.120 0.196 0.000 0.120 0.196 0.002 0.010 pec
#cylinder: 0.313 0.127 0.000 0.313 0.127 0.002 0.007 pec
#cylinder: 0.520 0.162 0.000 0.520 0.162 0.002 0.010 pec
#cylinder: 0.794 0.113 0.000 0.794 0.113 0.002 0.009 pec
#cylinder: 0.934 0.148 0.000 0.934 0.148 0.002 0.009 pec
#cylinder: 1.038 0.205 0.000 1.038 0.205 0.002 0.008 pec
#cylinder: 1.200 0.140 0.000 1.200 0.140 0.002 0.010 pec
#cylinder: 1.404 0.172 0.000 1.404 0.172 0.002 0.006 pec
#cylinder: 1.682 0.119 0.000 1.682 0.119 0.002 0.005 pec
#cylinder: 1.971 0.132 0.000 1.971 0.132 0.002 0.009 pec
#cylinder: 2.146 0.160 0.000 2.146 0.160 0.002 0.007 pec
#cylinder: 2.441 0.190 0.000 2.441 0.190 0.002 0.005 pec
#cylinder: 2.597 0.174 0.000 2.597 0.174 0.002 0.010 pec
#cylinder: 2.825 0.141 0.000 2.825 0.141 0.002 0.005 pec
#cylinder: 2.951 0.201 0.000 2.951 0.201 0.002 0.010 pec
#cylinder: 3.073 0.144 0.000 3.073 0.144 0.002 0.007 pec
#cylinder: 3.310 0.104 0.000 3.310 0.104 0.002 0.005 pec
#cylinder: 3.553 0.158 0.000 3.553 0.158 0.002 0.007 pec
#cylinder: 3.657 0.129 0.000 3.657 0.129 0.002 0.009 pec
#cylinder: 3.935 0.167 0.000 3.935 0.167 0.002 0.006 pec
#cylinder: 4.191 0.169 0.000 4.191 0.169 0.002 0.009 pec
#cylinder: 4.483 0.118 0.000 4.483 0.118 0.002 0.008 pec
#cylinder: 4.767 0.162 0.000 4.767 0.162 0.002 0.009 pec
#cylinder: 5.021 0.118 0.000 5.021 0.118 0.002 0.009 pec
#cylinder: 5.127 0.164 0.000 5.127 0.164 0.002 0.007 pec
#cylinder: 5.253 0.157 0.000 5.253 0.157 0.002 0.005 pec
#cylinder: 5.401 0.183 0.000 5.401 0.183 0.002 0.010 pec
#cylinder: 5.578 0.214 0.000 5.578 0.214 0.002 0.006 pec
#cylinder: 5.743 0.145 0.000 5.743 0.145 0.002 0.009 pec
#cylinder: 5.949 0.188 0.000 5.949 0.188 0.002 0.010 pec
#cylinder: 6.109 0.175 0.000 6.109 0.175 0.002 0.007 pec
#cylinder: 6.395 0.110 0.000 6.395 0.110 0.002 0.005 pec
#cylinder: 6.561 0.216 0.000 6.561 0.216 0.002 0.006 pec
#cylinder: 6.695 0.139 0.000 6.695 0.139 0.002 0.005 pec
#cylinder: 6.909 0.117 0.000 6.909 0.117 0.002 0.005 pec
#cylinder: 7.043 0.207 0.000 7.043 0.207 0.002 0.006 pec
#cylinder: 7.204 0.207 0.000 7.204 0.207 0.002 0.006 pec
#cylinder: 7.455 0.159 0.000 7.455 0.159 0.002 0.009 pec
#cylinder: 7.703 0.141 0.000 7.703 0.141 0.002 0.007 pec
#cylinder: 7.894 0.211 0.000 7.894 0.211 0.002 0.006 pec
#cylinder: 7.996 0.209 0.000 7.996 0.209 0.002 0.009 pec
#cylinder: 8.131 0.210 0.000 8.131 0.210 0.002 0.007 pec
#cylinder: 8.248 0.133 0.000 8.248 0.133 0.002 0.007 pec
#cylinder: 8.478 0.168 0.000 8.478 0.168 0.002 0.009 pec
#cylinder: 8.736 0.128 0.000 8.736 0.128 0.002 0.006 pec
#cylinder: 8.933 0.120 0.000 8.933 0.120 0.002 0.006 pec
#cylinder: 9.177 0.206 0.000 9.177 0.206 0.002 0.009 pec
#cylinder: 9.476 0.176 0.000 9.476 0.176 0.002 0.007 pec
#cylinder: 9.690 0.151 0.000 9.690 0.151 0.002 0.009 pec
#cylinder: 9.956 0.185 0.000 9.956 0.185 0.002 0.006 pec
