testingplz 
#domain: 10.200 0.300 0.002 
#dx_dy_dz: 0.002 0.002 0.002 
#time_window: 5.000000e-09 

#excitation_file: mala_source_modified.txt 
#hertzian_dipole: z 0.080 0.250 0 mala_source 
#rx: 0.120 0.250 0.000 
#src_steps: 0.002 0.000 0.000 
#rx_steps: 0.002 0.000 0.000 

#material: 5.000 0.220 1.000 0.000 concrete
#material: 10000000.000 10000000.000 100.000 0.000 rebar
#material: 1.000 0.000 1.000 0.000 air
#material: 80.000 0.500 1.000 0.000 water

#box: 0.000 0.000 0.000 10.200 0.250 0.002 concrete

#box: 0.413 0.180 0.000 0.421 0.226 0.002 air
#box: 0.854 0.139 0.000 0.863 0.200 0.002 air
#box: 1.274 0.101 0.000 1.281 0.118 0.002 air
#box: 1.536 0.185 0.000 1.548 0.235 0.002 air
#box: 1.733 0.111 0.000 1.747 0.216 0.002 air
#box: 1.834 0.131 0.000 1.853 0.214 0.002 air
#box: 2.303 0.134 0.000 2.322 0.246 0.002 air
#box: 2.656 0.183 0.000 2.676 0.206 0.002 air
#box: 3.148 0.169 0.000 3.151 0.207 0.002 air
#box: 3.346 0.188 0.000 3.365 0.214 0.002 air
#box: 3.684 0.128 0.000 3.686 0.245 0.002 air
#box: 4.086 0.217 0.000 4.092 0.243 0.002 air
#box: 4.388 0.176 0.000 4.391 0.250 0.002 air
#box: 4.548 0.157 0.000 4.556 0.191 0.002 air
#box: 5.000 0.209 0.000 5.020 0.219 0.002 air
#box: 5.380 0.190 0.000 5.390 0.218 0.002 air
#box: 5.813 0.184 0.000 5.819 0.232 0.002 air
#box: 6.311 0.198 0.000 6.314 0.215 0.002 air
#box: 6.543 0.166 0.000 6.554 0.230 0.002 air
#box: 6.910 0.107 0.000 6.921 0.111 0.002 air
#box: 7.011 0.106 0.000 7.024 0.199 0.002 air
#box: 7.420 0.224 0.000 7.437 0.249 0.002 air
#box: 7.675 0.207 0.000 7.690 0.222 0.002 air
#box: 7.994 0.210 0.000 7.997 0.225 0.002 air
#box: 8.172 0.202 0.000 8.181 0.212 0.002 air
#box: 8.290 0.142 0.000 8.294 0.236 0.002 air
#box: 8.400 0.202 0.000 8.411 0.231 0.002 air
#box: 8.616 0.146 0.000 8.621 0.241 0.002 air
#box: 8.733 0.137 0.000 8.751 0.180 0.002 air
#box: 8.978 0.141 0.000 8.984 0.215 0.002 air
#box: 9.137 0.185 0.000 9.144 0.238 0.002 air
#box: 9.336 0.118 0.000 9.351 0.210 0.002 air
#box: 9.593 0.196 0.000 9.604 0.216 0.002 air
#box: 10.072 0.178 0.000 10.074 0.233 0.002 air
#box: 0.280 0.105 0.000 0.342 0.142 0.002 water
#box: 0.683 0.175 0.000 0.714 0.186 0.002 water
#box: 0.827 0.181 0.000 0.886 0.211 0.002 water
#box: 1.168 0.189 0.000 1.245 0.202 0.002 water
#box: 1.387 0.113 0.000 1.433 0.156 0.002 water
#box: 1.608 0.153 0.000 1.639 0.172 0.002 water
#box: 1.899 0.098 0.000 1.931 0.170 0.002 water
#box: 2.265 0.162 0.000 2.321 0.187 0.002 water
#box: 2.412 0.141 0.000 2.466 0.219 0.002 water
#box: 2.870 0.186 0.000 2.907 0.199 0.002 water
#box: 3.039 0.180 0.000 3.050 0.200 0.002 water
#box: 3.440 0.177 0.000 3.496 0.219 0.002 water
#box: 3.584 0.153 0.000 3.606 0.212 0.002 water
#box: 4.001 0.147 0.000 4.057 0.163 0.002 water
#box: 4.420 0.192 0.000 4.475 0.205 0.002 water
#box: 4.605 0.156 0.000 4.676 0.172 0.002 water
#box: 5.045 0.149 0.000 5.089 0.162 0.002 water
#box: 5.188 0.141 0.000 5.230 0.186 0.002 water
#box: 5.421 0.179 0.000 5.442 0.193 0.002 water
#box: 5.879 0.162 0.000 5.931 0.180 0.002 water
#box: 6.215 0.116 0.000 6.249 0.176 0.002 water
#box: 6.538 0.129 0.000 6.550 0.131 0.002 water
#box: 6.674 0.165 0.000 6.753 0.212 0.002 water
#box: 7.025 0.107 0.000 7.064 0.141 0.002 water
#box: 7.145 0.105 0.000 7.194 0.140 0.002 water
#box: 7.273 0.110 0.000 7.346 0.212 0.002 water
#box: 7.489 0.178 0.000 7.526 0.199 0.002 water
#box: 7.864 0.109 0.000 7.917 0.178 0.002 water
#box: 8.255 0.112 0.000 8.289 0.209 0.002 water
#box: 8.742 0.133 0.000 8.796 0.210 0.002 water
#box: 9.237 0.157 0.000 9.295 0.195 0.002 water
#box: 9.440 0.106 0.000 9.460 0.110 0.002 water
#box: 9.819 0.125 0.000 9.840 0.137 0.002 water
