testingplz 
#domain: 10.200 0.300 0.002 
#dx_dy_dz: 0.002 0.002 0.002 
#time_window: 5.000000e-09 

#excitation_file: mala_source_modified.txt 
#hertzian_dipole: z 0.080 0.250 0 mala_source 
#rx: 0.120 0.250 0.000 
#src_steps: 0.002 0.000 0.000 
#rx_steps: 0.002 0.000 0.000 

#material: 5.000 0.220 1.000 0.000 concrete
#material: 10000000.000 10000000.000 100.000 0.000 rebar
#material: 1.000 0.000 1.000 0.000 air
#material: 80.000 0.500 1.000 0.000 water

#box: 0.000 0.000 0.000 10.200 0.250 0.002 concrete

#box: 0.410 0.147 0.000 0.414 0.177 0.002 air
#box: 0.690 0.163 0.000 0.704 0.165 0.002 air
#box: 0.859 0.211 0.000 0.870 0.235 0.002 air
#box: 0.973 0.188 0.000 0.991 0.197 0.002 air
#box: 1.401 0.216 0.000 1.404 0.236 0.002 air
#box: 1.659 0.204 0.000 1.664 0.222 0.002 air
#box: 1.874 0.139 0.000 1.885 0.147 0.002 air
#box: 1.988 0.149 0.000 2.005 0.231 0.002 air
#box: 2.188 0.206 0.000 2.193 0.246 0.002 air
#box: 2.570 0.118 0.000 2.576 0.207 0.002 air
#box: 2.833 0.226 0.000 2.837 0.237 0.002 air
#box: 2.981 0.128 0.000 3.000 0.228 0.002 air
#box: 3.419 0.191 0.000 3.422 0.207 0.002 air
#box: 3.831 0.136 0.000 3.844 0.213 0.002 air
#box: 4.276 0.127 0.000 4.279 0.231 0.002 air
#box: 4.702 0.163 0.000 4.718 0.180 0.002 air
#box: 4.805 0.172 0.000 4.821 0.199 0.002 air
#box: 5.018 0.156 0.000 5.023 0.209 0.002 air
#box: 5.300 0.162 0.000 5.302 0.239 0.002 air
#box: 5.705 0.142 0.000 5.711 0.150 0.002 air
#box: 5.853 0.127 0.000 5.862 0.214 0.002 air
#box: 6.032 0.119 0.000 6.051 0.172 0.002 air
#box: 6.353 0.185 0.000 6.357 0.226 0.002 air
#box: 6.525 0.169 0.000 6.529 0.175 0.002 air
#box: 6.633 0.196 0.000 6.649 0.202 0.002 air
#box: 7.060 0.186 0.000 7.071 0.232 0.002 air
#box: 7.272 0.226 0.000 7.278 0.250 0.002 air
#box: 7.545 0.205 0.000 7.559 0.213 0.002 air
#box: 7.749 0.214 0.000 7.757 0.237 0.002 air
#box: 8.097 0.128 0.000 8.099 0.232 0.002 air
#box: 8.390 0.136 0.000 8.392 0.158 0.002 air
#box: 8.608 0.144 0.000 8.614 0.155 0.002 air
#box: 8.864 0.186 0.000 8.880 0.205 0.002 air
#box: 9.017 0.129 0.000 9.028 0.221 0.002 air
#box: 9.368 0.170 0.000 9.382 0.235 0.002 air
#box: 9.710 0.207 0.000 9.712 0.233 0.002 air
#box: 9.871 0.162 0.000 9.880 0.215 0.002 air
#box: 0.427 0.162 0.000 0.470 0.215 0.002 water
#box: 0.679 0.098 0.000 0.699 0.177 0.002 water
#box: 0.970 0.175 0.000 0.998 0.208 0.002 water
#box: 1.247 0.163 0.000 1.261 0.167 0.002 water
#box: 1.593 0.135 0.000 1.618 0.197 0.002 water
#box: 1.829 0.124 0.000 1.906 0.150 0.002 water
#box: 2.271 0.124 0.000 2.290 0.177 0.002 water
#box: 2.519 0.160 0.000 2.588 0.176 0.002 water
#box: 2.798 0.169 0.000 2.877 0.192 0.002 water
#box: 2.908 0.188 0.000 2.963 0.200 0.002 water
#box: 3.191 0.133 0.000 3.215 0.202 0.002 water
#box: 3.569 0.170 0.000 3.622 0.192 0.002 water
#box: 4.026 0.168 0.000 4.083 0.188 0.002 water
#box: 4.432 0.128 0.000 4.487 0.213 0.002 water
#box: 4.543 0.123 0.000 4.601 0.137 0.002 water
#box: 4.824 0.153 0.000 4.860 0.170 0.002 water
#box: 5.216 0.179 0.000 5.241 0.186 0.002 water
#box: 5.416 0.124 0.000 5.428 0.210 0.002 water
#box: 5.545 0.120 0.000 5.570 0.141 0.002 water
#box: 5.866 0.163 0.000 5.926 0.196 0.002 water
#box: 6.069 0.145 0.000 6.146 0.162 0.002 water
#box: 6.218 0.177 0.000 6.294 0.215 0.002 water
#box: 6.668 0.150 0.000 6.685 0.185 0.002 water
#box: 6.787 0.187 0.000 6.860 0.216 0.002 water
#box: 7.184 0.184 0.000 7.249 0.200 0.002 water
#box: 7.664 0.120 0.000 7.719 0.175 0.002 water
#box: 7.937 0.100 0.000 7.947 0.192 0.002 water
#box: 8.401 0.176 0.000 8.477 0.192 0.002 water
#box: 8.696 0.179 0.000 8.764 0.215 0.002 water
#box: 8.951 0.101 0.000 9.014 0.116 0.002 water
#box: 9.360 0.098 0.000 9.374 0.117 0.002 water
#box: 9.611 0.149 0.000 9.686 0.171 0.002 water
#box: 9.910 0.185 0.000 9.969 0.220 0.002 water
#cylinder: 0.287 0.114 0.000 0.287 0.114 0.002 0.007 pec
#cylinder: 0.426 0.211 0.000 0.426 0.211 0.002 0.005 pec
#cylinder: 0.718 0.111 0.000 0.718 0.111 0.002 0.007 pec
#cylinder: 0.994 0.174 0.000 0.994 0.174 0.002 0.010 pec
#cylinder: 1.141 0.196 0.000 1.141 0.196 0.002 0.007 pec
#cylinder: 1.390 0.161 0.000 1.390 0.161 0.002 0.006 pec
#cylinder: 1.667 0.120 0.000 1.667 0.120 0.002 0.005 pec
#cylinder: 1.819 0.189 0.000 1.819 0.189 0.002 0.009 pec
#cylinder: 1.975 0.113 0.000 1.975 0.113 0.002 0.007 pec
#cylinder: 2.213 0.183 0.000 2.213 0.183 0.002 0.010 pec
#cylinder: 2.357 0.220 0.000 2.357 0.220 0.002 0.005 pec
#cylinder: 2.651 0.210 0.000 2.651 0.210 0.002 0.005 pec
#cylinder: 2.809 0.104 0.000 2.809 0.104 0.002 0.005 pec
#cylinder: 3.092 0.140 0.000 3.092 0.140 0.002 0.005 pec
#cylinder: 3.236 0.160 0.000 3.236 0.160 0.002 0.009 pec
#cylinder: 3.427 0.200 0.000 3.427 0.200 0.002 0.009 pec
#cylinder: 3.682 0.125 0.000 3.682 0.125 0.002 0.009 pec
#cylinder: 3.944 0.208 0.000 3.944 0.208 0.002 0.005 pec
#cylinder: 4.180 0.136 0.000 4.180 0.136 0.002 0.005 pec
#cylinder: 4.344 0.139 0.000 4.344 0.139 0.002 0.010 pec
#cylinder: 4.592 0.155 0.000 4.592 0.155 0.002 0.009 pec
#cylinder: 4.710 0.101 0.000 4.710 0.101 0.002 0.008 pec
#cylinder: 4.988 0.116 0.000 4.988 0.116 0.002 0.007 pec
#cylinder: 5.156 0.186 0.000 5.156 0.186 0.002 0.006 pec
#cylinder: 5.346 0.124 0.000 5.346 0.124 0.002 0.009 pec
#cylinder: 5.458 0.162 0.000 5.458 0.162 0.002 0.009 pec
#cylinder: 5.623 0.148 0.000 5.623 0.148 0.002 0.008 pec
#cylinder: 5.741 0.211 0.000 5.741 0.211 0.002 0.009 pec
#cylinder: 5.990 0.212 0.000 5.990 0.212 0.002 0.009 pec
#cylinder: 6.150 0.198 0.000 6.150 0.198 0.002 0.009 pec
#cylinder: 6.260 0.150 0.000 6.260 0.150 0.002 0.009 pec
#cylinder: 6.426 0.213 0.000 6.426 0.213 0.002 0.005 pec
#cylinder: 6.709 0.143 0.000 6.709 0.143 0.002 0.005 pec
#cylinder: 6.840 0.190 0.000 6.840 0.190 0.002 0.009 pec
#cylinder: 7.040 0.214 0.000 7.040 0.214 0.002 0.009 pec
#cylinder: 7.242 0.137 0.000 7.242 0.137 0.002 0.005 pec
#cylinder: 7.427 0.181 0.000 7.427 0.181 0.002 0.005 pec
#cylinder: 7.632 0.162 0.000 7.632 0.162 0.002 0.009 pec
#cylinder: 7.815 0.217 0.000 7.815 0.217 0.002 0.008 pec
#cylinder: 7.932 0.178 0.000 7.932 0.178 0.002 0.006 pec
#cylinder: 8.057 0.171 0.000 8.057 0.171 0.002 0.008 pec
#cylinder: 8.336 0.193 0.000 8.336 0.193 0.002 0.009 pec
#cylinder: 8.604 0.113 0.000 8.604 0.113 0.002 0.006 pec
#cylinder: 8.758 0.188 0.000 8.758 0.188 0.002 0.007 pec
#cylinder: 8.900 0.139 0.000 8.900 0.139 0.002 0.005 pec
#cylinder: 9.103 0.153 0.000 9.103 0.153 0.002 0.009 pec
#cylinder: 9.337 0.153 0.000 9.337 0.153 0.002 0.010 pec
#cylinder: 9.584 0.125 0.000 9.584 0.125 0.002 0.007 pec
#cylinder: 9.706 0.100 0.000 9.706 0.100 0.002 0.008 pec
#cylinder: 9.954 0.192 0.000 9.954 0.192 0.002 0.007 pec
