testingplz 
#domain: 10.200 0.300 0.002 
#dx_dy_dz: 0.002 0.002 0.002 
#time_window: 5.000000e-09 

#excitation_file: mala_source_modified.txt 
#hertzian_dipole: z 0.080 0.250 0 mala_source 
#rx: 0.120 0.250 0.000 
#src_steps: 0.002 0.000 0.000 
#rx_steps: 0.002 0.000 0.000 

#material: 5.000 0.220 1.000 0.000 concrete
#material: 10000000.000 10000000.000 100.000 0.000 rebar
#material: 1.000 0.000 1.000 0.000 air
#material: 80.000 0.500 1.000 0.000 water

#box: 0.000 0.000 0.000 10.200 0.250 0.002 concrete

#box: 0.168 0.198 0.000 0.187 0.241 0.002 air
#box: 0.501 0.220 0.000 0.507 0.226 0.002 air
#box: 0.719 0.114 0.000 0.735 0.214 0.002 air
#box: 1.096 0.156 0.000 1.112 0.242 0.002 air
#box: 1.378 0.120 0.000 1.396 0.145 0.002 air
#box: 1.540 0.224 0.000 1.556 0.232 0.002 air
#box: 1.765 0.132 0.000 1.769 0.158 0.002 air
#box: 2.249 0.108 0.000 2.251 0.177 0.002 air
#box: 2.689 0.223 0.000 2.701 0.228 0.002 air
#box: 2.939 0.103 0.000 2.957 0.249 0.002 air
#box: 3.225 0.129 0.000 3.233 0.180 0.002 air
#box: 3.554 0.161 0.000 3.565 0.218 0.002 air
#box: 4.031 0.220 0.000 4.039 0.238 0.002 air
#box: 4.312 0.135 0.000 4.315 0.170 0.002 air
#box: 4.749 0.126 0.000 4.769 0.250 0.002 air
#box: 5.079 0.180 0.000 5.089 0.188 0.002 air
#box: 5.290 0.208 0.000 5.297 0.247 0.002 air
#box: 5.610 0.190 0.000 5.615 0.243 0.002 air
#box: 6.047 0.188 0.000 6.054 0.190 0.002 air
#box: 6.238 0.162 0.000 6.255 0.204 0.002 air
#box: 6.610 0.143 0.000 6.612 0.240 0.002 air
#box: 6.837 0.165 0.000 6.856 0.245 0.002 air
#box: 7.190 0.101 0.000 7.207 0.105 0.002 air
#box: 7.493 0.154 0.000 7.498 0.243 0.002 air
#box: 7.825 0.140 0.000 7.833 0.153 0.002 air
#box: 8.241 0.131 0.000 8.256 0.136 0.002 air
#box: 8.398 0.147 0.000 8.406 0.208 0.002 air
#box: 8.723 0.148 0.000 8.730 0.247 0.002 air
#box: 9.006 0.201 0.000 9.018 0.231 0.002 air
#box: 9.164 0.196 0.000 9.171 0.202 0.002 air
#box: 9.357 0.104 0.000 9.371 0.164 0.002 air
#box: 9.784 0.218 0.000 9.792 0.231 0.002 air
#box: 0.129 0.163 0.000 0.173 0.209 0.002 water
#box: 0.546 0.127 0.000 0.571 0.202 0.002 water
#box: 0.860 0.193 0.000 0.890 0.215 0.002 water
#box: 1.093 0.121 0.000 1.135 0.184 0.002 water
#box: 1.205 0.190 0.000 1.229 0.215 0.002 water
#box: 1.471 0.193 0.000 1.515 0.199 0.002 water
#box: 1.670 0.163 0.000 1.728 0.200 0.002 water
#box: 2.020 0.144 0.000 2.077 0.164 0.002 water
#box: 2.431 0.140 0.000 2.511 0.195 0.002 water
#box: 2.877 0.104 0.000 2.902 0.185 0.002 water
#box: 3.291 0.096 0.000 3.346 0.203 0.002 water
#box: 3.394 0.137 0.000 3.440 0.176 0.002 water
#box: 3.602 0.176 0.000 3.641 0.202 0.002 water
#box: 4.013 0.125 0.000 4.057 0.216 0.002 water
#box: 4.353 0.138 0.000 4.365 0.161 0.002 water
#box: 4.567 0.106 0.000 4.618 0.183 0.002 water
#box: 4.828 0.152 0.000 4.885 0.156 0.002 water
#box: 5.061 0.147 0.000 5.111 0.189 0.002 water
#box: 5.201 0.180 0.000 5.279 0.199 0.002 water
#box: 5.365 0.150 0.000 5.414 0.200 0.002 water
#box: 5.676 0.132 0.000 5.699 0.213 0.002 water
#box: 6.007 0.106 0.000 6.070 0.193 0.002 water
#box: 6.443 0.115 0.000 6.486 0.183 0.002 water
#box: 6.594 0.114 0.000 6.613 0.182 0.002 water
#box: 6.920 0.153 0.000 6.970 0.207 0.002 water
#box: 7.065 0.170 0.000 7.130 0.184 0.002 water
#box: 7.221 0.143 0.000 7.265 0.192 0.002 water
#box: 7.413 0.140 0.000 7.448 0.150 0.002 water
#box: 7.692 0.173 0.000 7.755 0.216 0.002 water
#box: 8.045 0.168 0.000 8.062 0.214 0.002 water
#box: 8.193 0.147 0.000 8.242 0.217 0.002 water
#box: 8.576 0.183 0.000 8.633 0.193 0.002 water
#box: 8.719 0.110 0.000 8.774 0.113 0.002 water
#box: 8.969 0.112 0.000 9.043 0.158 0.002 water
#box: 9.423 0.114 0.000 9.493 0.194 0.002 water
#box: 9.559 0.101 0.000 9.621 0.133 0.002 water
#box: 10.005 0.152 0.000 10.074 0.154 0.002 water
#cylinder: 0.276 0.209 0.000 0.276 0.209 0.002 0.009 pec
#cylinder: 0.471 0.191 0.000 0.471 0.191 0.002 0.006 pec
#cylinder: 0.767 0.194 0.000 0.767 0.194 0.002 0.005 pec
#cylinder: 0.915 0.149 0.000 0.915 0.149 0.002 0.009 pec
#cylinder: 1.167 0.178 0.000 1.167 0.178 0.002 0.007 pec
#cylinder: 1.332 0.188 0.000 1.332 0.188 0.002 0.005 pec
#cylinder: 1.561 0.201 0.000 1.561 0.201 0.002 0.009 pec
#cylinder: 1.707 0.141 0.000 1.707 0.141 0.002 0.007 pec
#cylinder: 1.966 0.107 0.000 1.966 0.107 0.002 0.007 pec
#cylinder: 2.126 0.114 0.000 2.126 0.114 0.002 0.007 pec
#cylinder: 2.286 0.178 0.000 2.286 0.178 0.002 0.010 pec
#cylinder: 2.496 0.138 0.000 2.496 0.138 0.002 0.009 pec
#cylinder: 2.725 0.143 0.000 2.725 0.143 0.002 0.007 pec
#cylinder: 2.976 0.217 0.000 2.976 0.217 0.002 0.007 pec
#cylinder: 3.131 0.100 0.000 3.131 0.100 0.002 0.007 pec
#cylinder: 3.429 0.141 0.000 3.429 0.141 0.002 0.009 pec
#cylinder: 3.638 0.220 0.000 3.638 0.220 0.002 0.005 pec
#cylinder: 3.806 0.149 0.000 3.806 0.149 0.002 0.006 pec
#cylinder: 3.939 0.220 0.000 3.939 0.220 0.002 0.006 pec
#cylinder: 4.187 0.121 0.000 4.187 0.121 0.002 0.010 pec
#cylinder: 4.416 0.214 0.000 4.416 0.214 0.002 0.006 pec
#cylinder: 4.688 0.186 0.000 4.688 0.186 0.002 0.006 pec
#cylinder: 4.846 0.188 0.000 4.846 0.188 0.002 0.007 pec
#cylinder: 5.055 0.199 0.000 5.055 0.199 0.002 0.006 pec
#cylinder: 5.238 0.151 0.000 5.238 0.151 0.002 0.010 pec
#cylinder: 5.453 0.171 0.000 5.453 0.171 0.002 0.007 pec
#cylinder: 5.653 0.138 0.000 5.653 0.138 0.002 0.006 pec
#cylinder: 5.872 0.108 0.000 5.872 0.108 0.002 0.007 pec
#cylinder: 5.998 0.120 0.000 5.998 0.120 0.002 0.007 pec
#cylinder: 6.270 0.207 0.000 6.270 0.207 0.002 0.006 pec
#cylinder: 6.385 0.160 0.000 6.385 0.160 0.002 0.006 pec
#cylinder: 6.524 0.184 0.000 6.524 0.184 0.002 0.007 pec
#cylinder: 6.727 0.175 0.000 6.727 0.175 0.002 0.007 pec
#cylinder: 6.848 0.180 0.000 6.848 0.180 0.002 0.010 pec
#cylinder: 6.997 0.165 0.000 6.997 0.165 0.002 0.007 pec
#cylinder: 7.146 0.122 0.000 7.146 0.122 0.002 0.005 pec
#cylinder: 7.399 0.151 0.000 7.399 0.151 0.002 0.005 pec
#cylinder: 7.513 0.182 0.000 7.513 0.182 0.002 0.007 pec
#cylinder: 7.723 0.200 0.000 7.723 0.200 0.002 0.006 pec
#cylinder: 7.950 0.171 0.000 7.950 0.171 0.002 0.007 pec
#cylinder: 8.104 0.121 0.000 8.104 0.121 0.002 0.006 pec
#cylinder: 8.358 0.188 0.000 8.358 0.188 0.002 0.009 pec
#cylinder: 8.644 0.123 0.000 8.644 0.123 0.002 0.010 pec
#cylinder: 8.795 0.188 0.000 8.795 0.188 0.002 0.006 pec
#cylinder: 9.033 0.108 0.000 9.033 0.108 0.002 0.010 pec
#cylinder: 9.191 0.173 0.000 9.191 0.173 0.002 0.006 pec
#cylinder: 9.438 0.112 0.000 9.438 0.112 0.002 0.009 pec
#cylinder: 9.737 0.101 0.000 9.737 0.101 0.002 0.010 pec
#cylinder: 9.891 0.135 0.000 9.891 0.135 0.002 0.006 pec
#cylinder: 9.991 0.201 0.000 9.991 0.201 0.002 0.005 pec
