testingplz 
#domain: 10.200 0.300 0.002 
#dx_dy_dz: 0.002 0.002 0.002 
#time_window: 5.000000e-09 

#excitation_file: mala_source_modified.txt 
#hertzian_dipole: z 0.080 0.250 0 mala_source 
#rx: 0.120 0.250 0.000 
#src_steps: 0.002 0.000 0.000 
#rx_steps: 0.002 0.000 0.000 

#material: 5.000 0.220 1.000 0.000 concrete
#material: 10000000.000 10000000.000 100.000 0.000 rebar
#material: 1.000 0.000 1.000 0.000 air
#material: 80.000 0.500 1.000 0.000 water

#box: 0.000 0.000 0.000 10.200 0.250 0.002 concrete

#box: 0.111 0.135 0.000 0.128 0.143 0.002 air
#box: 0.394 0.186 0.000 0.396 0.216 0.002 air
#box: 0.775 0.105 0.000 0.792 0.150 0.002 air
#box: 1.180 0.186 0.000 1.188 0.207 0.002 air
#box: 1.438 0.158 0.000 1.454 0.239 0.002 air
#box: 1.683 0.138 0.000 1.687 0.173 0.002 air
#box: 1.783 0.184 0.000 1.794 0.206 0.002 air
#box: 1.972 0.213 0.000 1.977 0.223 0.002 air
#box: 2.316 0.198 0.000 2.318 0.229 0.002 air
#box: 2.577 0.203 0.000 2.584 0.222 0.002 air
#box: 2.897 0.119 0.000 2.901 0.179 0.002 air
#box: 3.172 0.153 0.000 3.185 0.168 0.002 air
#box: 3.657 0.159 0.000 3.669 0.239 0.002 air
#box: 4.081 0.099 0.000 4.089 0.240 0.002 air
#box: 4.441 0.111 0.000 4.461 0.200 0.002 air
#box: 4.913 0.131 0.000 4.919 0.176 0.002 air
#box: 5.086 0.097 0.000 5.097 0.174 0.002 air
#box: 5.550 0.192 0.000 5.570 0.202 0.002 air
#box: 5.852 0.149 0.000 5.862 0.166 0.002 air
#box: 6.012 0.200 0.000 6.028 0.213 0.002 air
#box: 6.464 0.111 0.000 6.477 0.148 0.002 air
#box: 6.691 0.222 0.000 6.696 0.224 0.002 air
#box: 6.983 0.121 0.000 6.990 0.212 0.002 air
#box: 7.174 0.151 0.000 7.189 0.184 0.002 air
#box: 7.274 0.175 0.000 7.277 0.236 0.002 air
#box: 7.406 0.186 0.000 7.422 0.210 0.002 air
#box: 7.521 0.160 0.000 7.531 0.182 0.002 air
#box: 7.631 0.142 0.000 7.642 0.229 0.002 air
#box: 7.776 0.217 0.000 7.792 0.242 0.002 air
#box: 8.127 0.125 0.000 8.131 0.131 0.002 air
#box: 8.403 0.215 0.000 8.415 0.250 0.002 air
#box: 8.848 0.191 0.000 8.861 0.224 0.002 air
#box: 9.170 0.218 0.000 9.178 0.232 0.002 air
#box: 9.350 0.135 0.000 9.354 0.162 0.002 air
#box: 9.779 0.106 0.000 9.781 0.145 0.002 air
#box: 0.175 0.166 0.000 0.195 0.213 0.002 water
#box: 0.420 0.109 0.000 0.468 0.166 0.002 water
#box: 0.530 0.109 0.000 0.583 0.133 0.002 water
#box: 0.635 0.168 0.000 0.687 0.194 0.002 water
#box: 1.054 0.098 0.000 1.098 0.135 0.002 water
#box: 1.197 0.181 0.000 1.209 0.209 0.002 water
#box: 1.463 0.195 0.000 1.488 0.214 0.002 water
#box: 1.954 0.102 0.000 1.972 0.145 0.002 water
#box: 2.270 0.158 0.000 2.282 0.218 0.002 water
#box: 2.740 0.102 0.000 2.797 0.123 0.002 water
#box: 3.053 0.151 0.000 3.118 0.201 0.002 water
#box: 3.527 0.107 0.000 3.550 0.120 0.002 water
#box: 3.988 0.195 0.000 4.027 0.211 0.002 water
#box: 4.166 0.102 0.000 4.185 0.151 0.002 water
#box: 4.471 0.105 0.000 4.531 0.136 0.002 water
#box: 4.667 0.163 0.000 4.738 0.182 0.002 water
#box: 4.964 0.154 0.000 4.989 0.170 0.002 water
#box: 5.250 0.175 0.000 5.302 0.216 0.002 water
#box: 5.665 0.148 0.000 5.739 0.189 0.002 water
#box: 5.930 0.114 0.000 5.942 0.141 0.002 water
#box: 6.420 0.098 0.000 6.475 0.172 0.002 water
#box: 6.745 0.120 0.000 6.813 0.157 0.002 water
#box: 7.024 0.135 0.000 7.063 0.179 0.002 water
#box: 7.126 0.173 0.000 7.137 0.193 0.002 water
#box: 7.579 0.188 0.000 7.638 0.198 0.002 water
#box: 7.881 0.122 0.000 7.899 0.158 0.002 water
#box: 8.181 0.152 0.000 8.233 0.219 0.002 water
#box: 8.608 0.141 0.000 8.687 0.165 0.002 water
#box: 8.820 0.096 0.000 8.849 0.174 0.002 water
#box: 8.985 0.146 0.000 8.997 0.157 0.002 water
#box: 9.138 0.166 0.000 9.201 0.220 0.002 water
#box: 9.242 0.097 0.000 9.253 0.199 0.002 water
#box: 9.624 0.128 0.000 9.686 0.195 0.002 water
#cylinder: 0.241 0.183 0.000 0.241 0.183 0.002 0.007 pec
#cylinder: 0.357 0.135 0.000 0.357 0.135 0.002 0.007 pec
#cylinder: 0.462 0.179 0.000 0.462 0.179 0.002 0.007 pec
#cylinder: 0.727 0.110 0.000 0.727 0.110 0.002 0.009 pec
#cylinder: 0.988 0.101 0.000 0.988 0.101 0.002 0.009 pec
#cylinder: 1.259 0.136 0.000 1.259 0.136 0.002 0.007 pec
#cylinder: 1.523 0.198 0.000 1.523 0.198 0.002 0.010 pec
#cylinder: 1.657 0.110 0.000 1.657 0.110 0.002 0.007 pec
#cylinder: 1.951 0.106 0.000 1.951 0.106 0.002 0.006 pec
#cylinder: 2.238 0.172 0.000 2.238 0.172 0.002 0.010 pec
#cylinder: 2.396 0.107 0.000 2.396 0.107 0.002 0.007 pec
#cylinder: 2.556 0.166 0.000 2.556 0.166 0.002 0.007 pec
#cylinder: 2.701 0.105 0.000 2.701 0.105 0.002 0.005 pec
#cylinder: 2.863 0.116 0.000 2.863 0.116 0.002 0.006 pec
#cylinder: 3.131 0.129 0.000 3.131 0.129 0.002 0.006 pec
#cylinder: 3.287 0.121 0.000 3.287 0.121 0.002 0.007 pec
#cylinder: 3.546 0.110 0.000 3.546 0.110 0.002 0.010 pec
#cylinder: 3.846 0.186 0.000 3.846 0.186 0.002 0.006 pec
#cylinder: 4.102 0.157 0.000 4.102 0.157 0.002 0.008 pec
#cylinder: 4.345 0.186 0.000 4.345 0.186 0.002 0.009 pec
#cylinder: 4.548 0.105 0.000 4.548 0.105 0.002 0.007 pec
#cylinder: 4.650 0.212 0.000 4.650 0.212 0.002 0.006 pec
#cylinder: 4.838 0.144 0.000 4.838 0.144 0.002 0.009 pec
#cylinder: 5.040 0.163 0.000 5.040 0.163 0.002 0.006 pec
#cylinder: 5.340 0.121 0.000 5.340 0.121 0.002 0.005 pec
#cylinder: 5.591 0.148 0.000 5.591 0.148 0.002 0.005 pec
#cylinder: 5.817 0.214 0.000 5.817 0.214 0.002 0.006 pec
#cylinder: 5.937 0.220 0.000 5.937 0.220 0.002 0.006 pec
#cylinder: 6.166 0.118 0.000 6.166 0.118 0.002 0.010 pec
#cylinder: 6.312 0.142 0.000 6.312 0.142 0.002 0.008 pec
#cylinder: 6.466 0.142 0.000 6.466 0.142 0.002 0.007 pec
#cylinder: 6.607 0.134 0.000 6.607 0.134 0.002 0.006 pec
#cylinder: 6.796 0.158 0.000 6.796 0.158 0.002 0.006 pec
#cylinder: 6.976 0.174 0.000 6.976 0.174 0.002 0.009 pec
#cylinder: 7.192 0.171 0.000 7.192 0.171 0.002 0.008 pec
#cylinder: 7.353 0.162 0.000 7.353 0.162 0.002 0.009 pec
#cylinder: 7.594 0.220 0.000 7.594 0.220 0.002 0.005 pec
#cylinder: 7.789 0.174 0.000 7.789 0.174 0.002 0.009 pec
#cylinder: 7.905 0.154 0.000 7.905 0.154 0.002 0.006 pec
#cylinder: 8.111 0.111 0.000 8.111 0.111 0.002 0.006 pec
#cylinder: 8.316 0.154 0.000 8.316 0.154 0.002 0.009 pec
#cylinder: 8.473 0.120 0.000 8.473 0.120 0.002 0.009 pec
#cylinder: 8.661 0.137 0.000 8.661 0.137 0.002 0.006 pec
#cylinder: 8.847 0.191 0.000 8.847 0.191 0.002 0.005 pec
#cylinder: 9.005 0.110 0.000 9.005 0.110 0.002 0.007 pec
#cylinder: 9.238 0.132 0.000 9.238 0.132 0.002 0.008 pec
#cylinder: 9.444 0.200 0.000 9.444 0.200 0.002 0.010 pec
#cylinder: 9.620 0.136 0.000 9.620 0.136 0.002 0.009 pec
#cylinder: 9.786 0.110 0.000 9.786 0.110 0.002 0.009 pec
#cylinder: 9.906 0.144 0.000 9.906 0.144 0.002 0.005 pec
