testingplz 
#domain: 10.200 0.300 0.002 
#dx_dy_dz: 0.002 0.002 0.002 
#time_window: 5.000000e-09 

#excitation_file: mala_source_modified.txt 
#hertzian_dipole: z 0.080 0.250 0 mala_source 
#rx: 0.120 0.250 0.000 
#src_steps: 0.002 0.000 0.000 
#rx_steps: 0.002 0.000 0.000 

#material: 5.000 0.220 1.000 0.000 concrete
#material: 10000000.000 10000000.000 100.000 0.000 rebar
#material: 1.000 0.000 1.000 0.000 air
#material: 80.000 0.500 1.000 0.000 water

#box: 0.000 0.000 0.000 10.200 0.250 0.002 concrete

#cylinder: 0.130 0.110 0.000 0.130 0.110 0.002 0.008 pec
#cylinder: 0.362 0.133 0.000 0.362 0.133 0.002 0.009 pec
#cylinder: 0.551 0.165 0.000 0.551 0.165 0.002 0.005 pec
#cylinder: 0.850 0.111 0.000 0.850 0.111 0.002 0.006 pec
#cylinder: 1.057 0.134 0.000 1.057 0.134 0.002 0.005 pec
#cylinder: 1.259 0.215 0.000 1.259 0.215 0.002 0.006 pec
#cylinder: 1.534 0.180 0.000 1.534 0.180 0.002 0.008 pec
#cylinder: 1.732 0.155 0.000 1.732 0.155 0.002 0.007 pec
#cylinder: 1.987 0.110 0.000 1.987 0.110 0.002 0.007 pec
#cylinder: 2.157 0.137 0.000 2.157 0.137 0.002 0.009 pec
#cylinder: 2.384 0.123 0.000 2.384 0.123 0.002 0.007 pec
#cylinder: 2.675 0.200 0.000 2.675 0.200 0.002 0.009 pec
#cylinder: 2.847 0.146 0.000 2.847 0.146 0.002 0.007 pec
#cylinder: 2.955 0.171 0.000 2.955 0.171 0.002 0.006 pec
#cylinder: 3.191 0.109 0.000 3.191 0.109 0.002 0.010 pec
#cylinder: 3.337 0.196 0.000 3.337 0.196 0.002 0.007 pec
#cylinder: 3.455 0.167 0.000 3.455 0.167 0.002 0.009 pec
#cylinder: 3.681 0.215 0.000 3.681 0.215 0.002 0.009 pec
#cylinder: 3.941 0.124 0.000 3.941 0.124 0.002 0.009 pec
#cylinder: 4.192 0.114 0.000 4.192 0.114 0.002 0.009 pec
#cylinder: 4.302 0.159 0.000 4.302 0.159 0.002 0.009 pec
#cylinder: 4.428 0.218 0.000 4.428 0.218 0.002 0.008 pec
#cylinder: 4.718 0.165 0.000 4.718 0.165 0.002 0.008 pec
#cylinder: 4.966 0.215 0.000 4.966 0.215 0.002 0.007 pec
#cylinder: 5.134 0.163 0.000 5.134 0.163 0.002 0.005 pec
#cylinder: 5.267 0.209 0.000 5.267 0.209 0.002 0.010 pec
#cylinder: 5.565 0.130 0.000 5.565 0.130 0.002 0.007 pec
#cylinder: 5.737 0.186 0.000 5.737 0.186 0.002 0.009 pec
#cylinder: 5.944 0.169 0.000 5.944 0.169 0.002 0.006 pec
#cylinder: 6.190 0.186 0.000 6.190 0.186 0.002 0.009 pec
#cylinder: 6.334 0.188 0.000 6.334 0.188 0.002 0.010 pec
#cylinder: 6.557 0.112 0.000 6.557 0.112 0.002 0.008 pec
#cylinder: 6.691 0.117 0.000 6.691 0.117 0.002 0.009 pec
#cylinder: 6.932 0.164 0.000 6.932 0.164 0.002 0.005 pec
#cylinder: 7.090 0.171 0.000 7.090 0.171 0.002 0.005 pec
#cylinder: 7.251 0.201 0.000 7.251 0.201 0.002 0.008 pec
#cylinder: 7.351 0.129 0.000 7.351 0.129 0.002 0.007 pec
#cylinder: 7.461 0.116 0.000 7.461 0.116 0.002 0.006 pec
#cylinder: 7.703 0.194 0.000 7.703 0.194 0.002 0.009 pec
#cylinder: 7.861 0.212 0.000 7.861 0.212 0.002 0.009 pec
#cylinder: 8.052 0.154 0.000 8.052 0.154 0.002 0.007 pec
#cylinder: 8.211 0.110 0.000 8.211 0.110 0.002 0.005 pec
#cylinder: 8.320 0.132 0.000 8.320 0.132 0.002 0.009 pec
#cylinder: 8.619 0.157 0.000 8.619 0.157 0.002 0.007 pec
#cylinder: 8.795 0.184 0.000 8.795 0.184 0.002 0.009 pec
#cylinder: 9.025 0.215 0.000 9.025 0.215 0.002 0.010 pec
#cylinder: 9.265 0.188 0.000 9.265 0.188 0.002 0.009 pec
#cylinder: 9.413 0.100 0.000 9.413 0.100 0.002 0.005 pec
#cylinder: 9.526 0.141 0.000 9.526 0.141 0.002 0.005 pec
#cylinder: 9.706 0.141 0.000 9.706 0.141 0.002 0.008 pec
#cylinder: 9.844 0.194 0.000 9.844 0.194 0.002 0.007 pec
#cylinder: 10.003 0.111 0.000 10.003 0.111 0.002 0.009 pec
