testingplz 
#domain: 10.200 0.300 0.002 
#dx_dy_dz: 0.002 0.002 0.002 
#time_window: 5.000000e-09 

#excitation_file: mala_source_modified.txt 
#hertzian_dipole: z 0.080 0.250 0 mala_source 
#rx: 0.120 0.250 0.000 
#src_steps: 0.002 0.000 0.000 
#rx_steps: 0.002 0.000 0.000 

#material: 5.000 0.220 1.000 0.000 concrete
#material: 10000000.000 10000000.000 100.000 0.000 rebar
#material: 1.000 0.000 1.000 0.000 air
#material: 80.000 0.500 1.000 0.000 water

#box: 0.000 0.000 0.000 10.200 0.250 0.002 concrete

#box: 0.230 0.189 0.000 0.242 0.200 0.002 air
#box: 0.464 0.106 0.000 0.474 0.230 0.002 air
#box: 0.812 0.214 0.000 0.821 0.222 0.002 air
#box: 0.991 0.204 0.000 0.999 0.227 0.002 air
#box: 1.407 0.149 0.000 1.412 0.214 0.002 air
#box: 1.679 0.125 0.000 1.690 0.206 0.002 air
#box: 2.019 0.190 0.000 2.027 0.213 0.002 air
#box: 2.226 0.146 0.000 2.239 0.214 0.002 air
#box: 2.673 0.201 0.000 2.691 0.231 0.002 air
#box: 2.936 0.212 0.000 2.942 0.222 0.002 air
#box: 3.291 0.155 0.000 3.303 0.164 0.002 air
#box: 3.572 0.132 0.000 3.585 0.150 0.002 air
#box: 3.796 0.185 0.000 3.806 0.212 0.002 air
#box: 4.131 0.185 0.000 4.140 0.224 0.002 air
#box: 4.601 0.201 0.000 4.613 0.226 0.002 air
#box: 5.027 0.096 0.000 5.042 0.102 0.002 air
#box: 5.355 0.163 0.000 5.370 0.241 0.002 air
#box: 5.849 0.218 0.000 5.863 0.250 0.002 air
#box: 6.175 0.104 0.000 6.180 0.231 0.002 air
#box: 6.494 0.127 0.000 6.507 0.153 0.002 air
#box: 6.833 0.137 0.000 6.836 0.248 0.002 air
#box: 7.013 0.176 0.000 7.029 0.235 0.002 air
#box: 7.385 0.165 0.000 7.396 0.219 0.002 air
#box: 7.593 0.215 0.000 7.612 0.220 0.002 air
#box: 7.961 0.109 0.000 7.974 0.111 0.002 air
#box: 8.389 0.127 0.000 8.404 0.242 0.002 air
#box: 8.876 0.184 0.000 8.879 0.244 0.002 air
#box: 9.019 0.193 0.000 9.033 0.245 0.002 air
#box: 9.201 0.164 0.000 9.215 0.215 0.002 air
#box: 9.591 0.183 0.000 9.595 0.228 0.002 air
#box: 10.017 0.149 0.000 10.028 0.177 0.002 air
#box: 0.427 0.096 0.000 0.497 0.178 0.002 water
#box: 0.835 0.187 0.000 0.871 0.191 0.002 water
#box: 0.992 0.159 0.000 1.006 0.201 0.002 water
#box: 1.285 0.172 0.000 1.336 0.216 0.002 water
#box: 1.635 0.168 0.000 1.693 0.181 0.002 water
#box: 1.989 0.106 0.000 2.013 0.220 0.002 water
#box: 2.414 0.102 0.000 2.454 0.204 0.002 water
#box: 2.713 0.181 0.000 2.752 0.217 0.002 water
#box: 3.127 0.124 0.000 3.182 0.161 0.002 water
#box: 3.377 0.182 0.000 3.397 0.220 0.002 water
#box: 3.623 0.107 0.000 3.678 0.139 0.002 water
#box: 4.083 0.116 0.000 4.128 0.139 0.002 water
#box: 4.210 0.147 0.000 4.241 0.219 0.002 water
#box: 4.344 0.153 0.000 4.406 0.192 0.002 water
#box: 4.727 0.124 0.000 4.739 0.177 0.002 water
#box: 5.224 0.106 0.000 5.255 0.124 0.002 water
#box: 5.546 0.150 0.000 5.558 0.193 0.002 water
#box: 5.832 0.181 0.000 5.912 0.199 0.002 water
#box: 5.981 0.173 0.000 5.993 0.193 0.002 water
#box: 6.089 0.152 0.000 6.119 0.216 0.002 water
#box: 6.457 0.123 0.000 6.502 0.207 0.002 water
#box: 6.597 0.178 0.000 6.640 0.184 0.002 water
#box: 6.759 0.152 0.000 6.820 0.155 0.002 water
#box: 6.964 0.138 0.000 7.028 0.178 0.002 water
#box: 7.184 0.162 0.000 7.244 0.188 0.002 water
#box: 7.350 0.135 0.000 7.421 0.139 0.002 water
#box: 7.799 0.192 0.000 7.847 0.219 0.002 water
#box: 8.013 0.145 0.000 8.030 0.203 0.002 water
#box: 8.345 0.106 0.000 8.389 0.123 0.002 water
#box: 8.484 0.195 0.000 8.536 0.213 0.002 water
#box: 8.706 0.118 0.000 8.739 0.212 0.002 water
#box: 9.036 0.137 0.000 9.086 0.199 0.002 water
#box: 9.405 0.099 0.000 9.482 0.201 0.002 water
#box: 9.786 0.181 0.000 9.801 0.204 0.002 water
