testingplz 
#domain: 10.200 0.300 0.002 
#dx_dy_dz: 0.002 0.002 0.002 
#time_window: 5.000000e-09 

#excitation_file: mala_source_modified.txt 
#hertzian_dipole: z 0.080 0.250 0 mala_source 
#rx: 0.120 0.250 0.000 
#src_steps: 0.002 0.000 0.000 
#rx_steps: 0.002 0.000 0.000 

#material: 5.000 0.220 1.000 0.000 concrete
#material: 10000000.000 10000000.000 100.000 0.000 rebar
#material: 1.000 0.000 1.000 0.000 air
#material: 80.000 0.500 1.000 0.000 water

#box: 0.000 0.000 0.000 10.200 0.250 0.002 concrete

#box: 0.146 0.128 0.000 0.161 0.200 0.002 air
#box: 0.582 0.186 0.000 0.594 0.243 0.002 air
#box: 0.688 0.165 0.000 0.704 0.224 0.002 air
#box: 1.163 0.192 0.000 1.177 0.240 0.002 air
#box: 1.587 0.167 0.000 1.596 0.239 0.002 air
#box: 1.966 0.123 0.000 1.982 0.146 0.002 air
#box: 2.111 0.202 0.000 2.121 0.206 0.002 air
#box: 2.574 0.096 0.000 2.586 0.185 0.002 air
#box: 2.772 0.169 0.000 2.781 0.237 0.002 air
#box: 3.263 0.213 0.000 3.268 0.236 0.002 air
#box: 3.485 0.104 0.000 3.501 0.181 0.002 air
#box: 3.843 0.186 0.000 3.847 0.239 0.002 air
#box: 4.031 0.119 0.000 4.046 0.205 0.002 air
#box: 4.517 0.166 0.000 4.522 0.198 0.002 air
#box: 4.751 0.207 0.000 4.760 0.229 0.002 air
#box: 5.132 0.182 0.000 5.149 0.187 0.002 air
#box: 5.623 0.096 0.000 5.638 0.224 0.002 air
#box: 6.014 0.127 0.000 6.021 0.170 0.002 air
#box: 6.237 0.100 0.000 6.241 0.243 0.002 air
#box: 6.361 0.152 0.000 6.380 0.222 0.002 air
#box: 6.544 0.212 0.000 6.561 0.216 0.002 air
#box: 6.984 0.119 0.000 6.991 0.207 0.002 air
#box: 7.431 0.181 0.000 7.441 0.209 0.002 air
#box: 7.535 0.174 0.000 7.555 0.182 0.002 air
#box: 7.826 0.195 0.000 7.844 0.229 0.002 air
#box: 7.973 0.151 0.000 7.992 0.198 0.002 air
#box: 8.287 0.158 0.000 8.295 0.241 0.002 air
#box: 8.546 0.193 0.000 8.549 0.247 0.002 air
#box: 8.919 0.176 0.000 8.937 0.199 0.002 air
#box: 9.388 0.202 0.000 9.406 0.238 0.002 air
#box: 9.563 0.144 0.000 9.582 0.192 0.002 air
#box: 9.797 0.106 0.000 9.800 0.181 0.002 air
#box: 0.338 0.124 0.000 0.409 0.162 0.002 water
#box: 0.750 0.162 0.000 0.813 0.207 0.002 water
#box: 0.903 0.111 0.000 0.982 0.173 0.002 water
#box: 1.085 0.171 0.000 1.128 0.185 0.002 water
#box: 1.266 0.146 0.000 1.323 0.163 0.002 water
#box: 1.505 0.151 0.000 1.554 0.182 0.002 water
#box: 1.709 0.118 0.000 1.745 0.166 0.002 water
#box: 1.875 0.149 0.000 1.937 0.209 0.002 water
#box: 2.276 0.166 0.000 2.289 0.202 0.002 water
#box: 2.668 0.127 0.000 2.733 0.153 0.002 water
#box: 2.998 0.153 0.000 3.063 0.188 0.002 water
#box: 3.221 0.109 0.000 3.301 0.210 0.002 water
#box: 3.385 0.106 0.000 3.408 0.174 0.002 water
#box: 3.654 0.143 0.000 3.704 0.168 0.002 water
#box: 4.146 0.169 0.000 4.225 0.196 0.002 water
#box: 4.464 0.140 0.000 4.477 0.190 0.002 water
#box: 4.825 0.177 0.000 4.848 0.179 0.002 water
#box: 5.282 0.120 0.000 5.345 0.219 0.002 water
#box: 5.755 0.174 0.000 5.815 0.194 0.002 water
#box: 6.004 0.143 0.000 6.062 0.210 0.002 water
#box: 6.315 0.195 0.000 6.384 0.211 0.002 water
#box: 6.517 0.115 0.000 6.555 0.197 0.002 water
#box: 6.785 0.110 0.000 6.797 0.175 0.002 water
#box: 7.260 0.177 0.000 7.321 0.203 0.002 water
#box: 7.610 0.194 0.000 7.670 0.197 0.002 water
#box: 7.941 0.190 0.000 7.973 0.209 0.002 water
#box: 8.385 0.096 0.000 8.412 0.153 0.002 water
#box: 8.533 0.108 0.000 8.547 0.141 0.002 water
#box: 8.940 0.148 0.000 8.989 0.154 0.002 water
#box: 9.410 0.098 0.000 9.449 0.124 0.002 water
#box: 9.591 0.119 0.000 9.613 0.171 0.002 water
#box: 10.064 0.115 0.000 10.106 0.198 0.002 water
#cylinder: 0.281 0.133 0.000 0.281 0.133 0.002 0.005 pec
#cylinder: 0.409 0.141 0.000 0.409 0.141 0.002 0.007 pec
#cylinder: 0.664 0.197 0.000 0.664 0.197 0.002 0.009 pec
#cylinder: 0.808 0.174 0.000 0.808 0.174 0.002 0.007 pec
#cylinder: 1.078 0.157 0.000 1.078 0.157 0.002 0.005 pec
#cylinder: 1.306 0.174 0.000 1.306 0.174 0.002 0.006 pec
#cylinder: 1.543 0.107 0.000 1.543 0.107 0.002 0.009 pec
#cylinder: 1.778 0.178 0.000 1.778 0.178 0.002 0.007 pec
#cylinder: 2.019 0.181 0.000 2.019 0.181 0.002 0.005 pec
#cylinder: 2.175 0.115 0.000 2.175 0.115 0.002 0.005 pec
#cylinder: 2.289 0.213 0.000 2.289 0.213 0.002 0.006 pec
#cylinder: 2.502 0.138 0.000 2.502 0.138 0.002 0.006 pec
#cylinder: 2.776 0.171 0.000 2.776 0.171 0.002 0.008 pec
#cylinder: 3.024 0.168 0.000 3.024 0.168 0.002 0.010 pec
#cylinder: 3.275 0.197 0.000 3.275 0.197 0.002 0.009 pec
#cylinder: 3.515 0.155 0.000 3.515 0.155 0.002 0.007 pec
#cylinder: 3.808 0.124 0.000 3.808 0.124 0.002 0.005 pec
#cylinder: 4.060 0.149 0.000 4.060 0.149 0.002 0.006 pec
#cylinder: 4.351 0.219 0.000 4.351 0.219 0.002 0.005 pec
#cylinder: 4.649 0.177 0.000 4.649 0.177 0.002 0.005 pec
#cylinder: 4.752 0.212 0.000 4.752 0.212 0.002 0.005 pec
#cylinder: 4.973 0.147 0.000 4.973 0.147 0.002 0.010 pec
#cylinder: 5.170 0.185 0.000 5.170 0.185 0.002 0.009 pec
#cylinder: 5.320 0.215 0.000 5.320 0.215 0.002 0.009 pec
#cylinder: 5.603 0.124 0.000 5.603 0.124 0.002 0.006 pec
#cylinder: 5.889 0.147 0.000 5.889 0.147 0.002 0.007 pec
#cylinder: 6.070 0.120 0.000 6.070 0.120 0.002 0.005 pec
#cylinder: 6.324 0.175 0.000 6.324 0.175 0.002 0.009 pec
#cylinder: 6.605 0.179 0.000 6.605 0.179 0.002 0.009 pec
#cylinder: 6.898 0.133 0.000 6.898 0.133 0.002 0.008 pec
#cylinder: 7.185 0.117 0.000 7.185 0.117 0.002 0.007 pec
#cylinder: 7.472 0.159 0.000 7.472 0.159 0.002 0.009 pec
#cylinder: 7.643 0.138 0.000 7.643 0.138 0.002 0.008 pec
#cylinder: 7.766 0.129 0.000 7.766 0.129 0.002 0.005 pec
#cylinder: 7.998 0.179 0.000 7.998 0.179 0.002 0.007 pec
#cylinder: 8.147 0.198 0.000 8.147 0.198 0.002 0.007 pec
#cylinder: 8.338 0.118 0.000 8.338 0.118 0.002 0.006 pec
#cylinder: 8.512 0.190 0.000 8.512 0.190 0.002 0.006 pec
#cylinder: 8.651 0.213 0.000 8.651 0.213 0.002 0.006 pec
#cylinder: 8.861 0.165 0.000 8.861 0.165 0.002 0.006 pec
#cylinder: 8.970 0.170 0.000 8.970 0.170 0.002 0.008 pec
#cylinder: 9.142 0.114 0.000 9.142 0.114 0.002 0.010 pec
#cylinder: 9.369 0.151 0.000 9.369 0.151 0.002 0.008 pec
#cylinder: 9.659 0.215 0.000 9.659 0.215 0.002 0.007 pec
#cylinder: 9.859 0.195 0.000 9.859 0.195 0.002 0.007 pec
#cylinder: 10.031 0.203 0.000 10.031 0.203 0.002 0.005 pec
