testingplz 
#domain: 10.200 0.300 0.002 
#dx_dy_dz: 0.002 0.002 0.002 
#time_window: 5.000000e-09 

#excitation_file: mala_source_modified.txt 
#hertzian_dipole: z 0.080 0.250 0 mala_source 
#rx: 0.120 0.250 0.000 
#src_steps: 0.002 0.000 0.000 
#rx_steps: 0.002 0.000 0.000 

#material: 5.000 0.220 1.000 0.000 concrete
#material: 10000000.000 10000000.000 100.000 0.000 rebar
#material: 1.000 0.000 1.000 0.000 air
#material: 80.000 0.500 1.000 0.000 water

#box: 0.000 0.000 0.000 10.200 0.250 0.002 concrete

#box: 0.431 0.187 0.000 0.440 0.213 0.002 air
#box: 0.791 0.136 0.000 0.803 0.249 0.002 air
#box: 1.107 0.124 0.000 1.109 0.248 0.002 air
#box: 1.536 0.190 0.000 1.542 0.240 0.002 air
#box: 1.976 0.154 0.000 1.978 0.198 0.002 air
#box: 2.184 0.140 0.000 2.187 0.194 0.002 air
#box: 2.346 0.114 0.000 2.349 0.214 0.002 air
#box: 2.610 0.113 0.000 2.629 0.144 0.002 air
#box: 3.067 0.147 0.000 3.085 0.160 0.002 air
#box: 3.437 0.217 0.000 3.449 0.229 0.002 air
#box: 3.845 0.192 0.000 3.855 0.199 0.002 air
#box: 4.021 0.219 0.000 4.034 0.234 0.002 air
#box: 4.187 0.127 0.000 4.190 0.194 0.002 air
#box: 4.599 0.102 0.000 4.618 0.146 0.002 air
#box: 4.968 0.130 0.000 4.979 0.224 0.002 air
#box: 5.308 0.153 0.000 5.313 0.209 0.002 air
#box: 5.706 0.205 0.000 5.709 0.221 0.002 air
#box: 6.087 0.187 0.000 6.097 0.196 0.002 air
#box: 6.564 0.097 0.000 6.567 0.143 0.002 air
#box: 6.720 0.198 0.000 6.740 0.202 0.002 air
#box: 6.929 0.154 0.000 6.932 0.181 0.002 air
#box: 7.091 0.187 0.000 7.107 0.198 0.002 air
#box: 7.230 0.138 0.000 7.235 0.171 0.002 air
#box: 7.591 0.124 0.000 7.595 0.179 0.002 air
#box: 7.834 0.134 0.000 7.844 0.184 0.002 air
#box: 8.196 0.116 0.000 8.199 0.236 0.002 air
#box: 8.404 0.167 0.000 8.417 0.206 0.002 air
#box: 8.848 0.104 0.000 8.861 0.183 0.002 air
#box: 8.977 0.122 0.000 8.993 0.191 0.002 air
#box: 9.325 0.146 0.000 9.345 0.199 0.002 air
#box: 9.504 0.187 0.000 9.521 0.239 0.002 air
#box: 9.763 0.171 0.000 9.766 0.190 0.002 air
#box: 9.937 0.137 0.000 9.940 0.160 0.002 air
#box: 0.312 0.134 0.000 0.391 0.147 0.002 water
#box: 0.613 0.131 0.000 0.628 0.194 0.002 water
#box: 0.778 0.160 0.000 0.816 0.187 0.002 water
#box: 1.227 0.144 0.000 1.257 0.188 0.002 water
#box: 1.691 0.132 0.000 1.748 0.178 0.002 water
#box: 2.022 0.156 0.000 2.100 0.190 0.002 water
#box: 2.468 0.155 0.000 2.520 0.180 0.002 water
#box: 2.682 0.106 0.000 2.699 0.164 0.002 water
#box: 2.790 0.147 0.000 2.856 0.179 0.002 water
#box: 2.979 0.099 0.000 2.994 0.173 0.002 water
#box: 3.291 0.155 0.000 3.367 0.169 0.002 water
#box: 3.707 0.139 0.000 3.737 0.220 0.002 water
#box: 3.808 0.120 0.000 3.821 0.140 0.002 water
#box: 4.087 0.124 0.000 4.121 0.220 0.002 water
#box: 4.203 0.146 0.000 4.220 0.205 0.002 water
#box: 4.550 0.118 0.000 4.595 0.157 0.002 water
#box: 5.027 0.132 0.000 5.086 0.147 0.002 water
#box: 5.363 0.179 0.000 5.374 0.213 0.002 water
#box: 5.655 0.136 0.000 5.719 0.150 0.002 water
#box: 6.070 0.105 0.000 6.119 0.152 0.002 water
#box: 6.256 0.117 0.000 6.303 0.219 0.002 water
#box: 6.680 0.173 0.000 6.755 0.202 0.002 water
#box: 6.930 0.109 0.000 6.987 0.145 0.002 water
#box: 7.363 0.150 0.000 7.389 0.187 0.002 water
#box: 7.733 0.150 0.000 7.750 0.179 0.002 water
#box: 8.088 0.129 0.000 8.106 0.197 0.002 water
#box: 8.292 0.168 0.000 8.334 0.216 0.002 water
#box: 8.733 0.139 0.000 8.778 0.144 0.002 water
#box: 8.934 0.189 0.000 8.945 0.202 0.002 water
#box: 9.381 0.182 0.000 9.400 0.208 0.002 water
#box: 9.720 0.137 0.000 9.737 0.219 0.002 water
#box: 9.899 0.138 0.000 9.931 0.204 0.002 water
