testingplz 
#domain: 10.200 0.300 0.002 
#dx_dy_dz: 0.002 0.002 0.002 
#time_window: 5.000000e-09 

#excitation_file: mala_source_modified.txt 
#hertzian_dipole: z 0.080 0.250 0 mala_source 
#rx: 0.120 0.250 0.000 
#src_steps: 0.002 0.000 0.000 
#rx_steps: 0.002 0.000 0.000 

#material: 5.000 0.220 1.000 0.000 concrete
#material: 10000000.000 10000000.000 100.000 0.000 rebar
#material: 1.000 0.000 1.000 0.000 air
#material: 80.000 0.500 1.000 0.000 water

#box: 0.000 0.000 0.000 10.200 0.250 0.002 concrete

#box: 0.480 0.197 0.000 0.496 0.213 0.002 air
#box: 0.729 0.201 0.000 0.738 0.224 0.002 air
#box: 1.157 0.176 0.000 1.163 0.189 0.002 air
#box: 1.499 0.169 0.000 1.507 0.219 0.002 air
#box: 1.966 0.160 0.000 1.971 0.205 0.002 air
#box: 2.368 0.206 0.000 2.382 0.226 0.002 air
#box: 2.811 0.107 0.000 2.818 0.109 0.002 air
#box: 3.126 0.169 0.000 3.132 0.217 0.002 air
#box: 3.276 0.108 0.000 3.296 0.159 0.002 air
#box: 3.499 0.219 0.000 3.501 0.236 0.002 air
#box: 3.778 0.112 0.000 3.796 0.184 0.002 air
#box: 3.949 0.126 0.000 3.968 0.195 0.002 air
#box: 4.160 0.163 0.000 4.179 0.235 0.002 air
#box: 4.462 0.168 0.000 4.467 0.227 0.002 air
#box: 4.695 0.218 0.000 4.698 0.248 0.002 air
#box: 4.994 0.205 0.000 4.999 0.211 0.002 air
#box: 5.193 0.148 0.000 5.213 0.230 0.002 air
#box: 5.649 0.159 0.000 5.665 0.198 0.002 air
#box: 5.971 0.200 0.000 5.986 0.248 0.002 air
#box: 6.197 0.180 0.000 6.212 0.240 0.002 air
#box: 6.368 0.107 0.000 6.378 0.222 0.002 air
#box: 6.796 0.210 0.000 6.810 0.219 0.002 air
#box: 7.040 0.213 0.000 7.047 0.250 0.002 air
#box: 7.507 0.104 0.000 7.517 0.134 0.002 air
#box: 7.676 0.203 0.000 7.692 0.210 0.002 air
#box: 8.145 0.096 0.000 8.163 0.245 0.002 air
#box: 8.348 0.186 0.000 8.361 0.200 0.002 air
#box: 8.467 0.119 0.000 8.474 0.169 0.002 air
#box: 8.570 0.140 0.000 8.572 0.215 0.002 air
#box: 8.843 0.148 0.000 8.860 0.218 0.002 air
#box: 9.072 0.170 0.000 9.091 0.247 0.002 air
#box: 9.557 0.206 0.000 9.574 0.234 0.002 air
#box: 9.928 0.212 0.000 9.941 0.248 0.002 air
#box: 0.490 0.105 0.000 0.534 0.158 0.002 water
#box: 0.820 0.146 0.000 0.836 0.205 0.002 water
#box: 1.271 0.140 0.000 1.322 0.217 0.002 water
#box: 1.629 0.172 0.000 1.641 0.192 0.002 water
#box: 1.996 0.147 0.000 2.066 0.182 0.002 water
#box: 2.364 0.162 0.000 2.401 0.177 0.002 water
#box: 2.813 0.167 0.000 2.834 0.210 0.002 water
#box: 3.216 0.139 0.000 3.258 0.163 0.002 water
#box: 3.375 0.163 0.000 3.431 0.168 0.002 water
#box: 3.701 0.189 0.000 3.756 0.213 0.002 water
#box: 4.095 0.107 0.000 4.160 0.198 0.002 water
#box: 4.416 0.168 0.000 4.431 0.198 0.002 water
#box: 4.845 0.131 0.000 4.865 0.214 0.002 water
#box: 5.342 0.118 0.000 5.377 0.196 0.002 water
#box: 5.715 0.140 0.000 5.750 0.194 0.002 water
#box: 6.043 0.096 0.000 6.111 0.157 0.002 water
#box: 6.262 0.131 0.000 6.296 0.144 0.002 water
#box: 6.743 0.152 0.000 6.818 0.154 0.002 water
#box: 7.197 0.139 0.000 7.217 0.217 0.002 water
#box: 7.690 0.110 0.000 7.740 0.194 0.002 water
#box: 8.103 0.163 0.000 8.159 0.192 0.002 water
#box: 8.306 0.138 0.000 8.359 0.188 0.002 water
#box: 8.591 0.184 0.000 8.637 0.211 0.002 water
#box: 8.860 0.136 0.000 8.936 0.144 0.002 water
#box: 9.259 0.196 0.000 9.302 0.202 0.002 water
#box: 9.631 0.186 0.000 9.676 0.188 0.002 water
#box: 9.793 0.189 0.000 9.865 0.215 0.002 water
#cylinder: 0.135 0.174 0.000 0.135 0.174 0.002 0.005 pec
#cylinder: 0.292 0.190 0.000 0.292 0.190 0.002 0.009 pec
#cylinder: 0.536 0.123 0.000 0.536 0.123 0.002 0.009 pec
#cylinder: 0.769 0.106 0.000 0.769 0.106 0.002 0.008 pec
#cylinder: 1.060 0.185 0.000 1.060 0.185 0.002 0.005 pec
#cylinder: 1.218 0.162 0.000 1.218 0.162 0.002 0.005 pec
#cylinder: 1.394 0.147 0.000 1.394 0.147 0.002 0.009 pec
#cylinder: 1.539 0.184 0.000 1.539 0.184 0.002 0.008 pec
#cylinder: 1.697 0.137 0.000 1.697 0.137 0.002 0.009 pec
#cylinder: 1.929 0.102 0.000 1.929 0.102 0.002 0.009 pec
#cylinder: 2.117 0.200 0.000 2.117 0.200 0.002 0.006 pec
#cylinder: 2.389 0.209 0.000 2.389 0.209 0.002 0.009 pec
#cylinder: 2.569 0.163 0.000 2.569 0.163 0.002 0.009 pec
#cylinder: 2.732 0.170 0.000 2.732 0.170 0.002 0.010 pec
#cylinder: 2.950 0.198 0.000 2.950 0.198 0.002 0.006 pec
#cylinder: 3.111 0.164 0.000 3.111 0.164 0.002 0.005 pec
#cylinder: 3.267 0.209 0.000 3.267 0.209 0.002 0.007 pec
#cylinder: 3.518 0.139 0.000 3.518 0.139 0.002 0.007 pec
#cylinder: 3.807 0.113 0.000 3.807 0.113 0.002 0.008 pec
#cylinder: 4.079 0.190 0.000 4.079 0.190 0.002 0.010 pec
#cylinder: 4.234 0.167 0.000 4.234 0.167 0.002 0.009 pec
#cylinder: 4.488 0.200 0.000 4.488 0.200 0.002 0.006 pec
#cylinder: 4.689 0.159 0.000 4.689 0.159 0.002 0.006 pec
#cylinder: 4.981 0.123 0.000 4.981 0.123 0.002 0.010 pec
#cylinder: 5.118 0.128 0.000 5.118 0.128 0.002 0.005 pec
#cylinder: 5.222 0.153 0.000 5.222 0.153 0.002 0.005 pec
#cylinder: 5.369 0.171 0.000 5.369 0.171 0.002 0.009 pec
#cylinder: 5.565 0.147 0.000 5.565 0.147 0.002 0.007 pec
#cylinder: 5.798 0.137 0.000 5.798 0.137 0.002 0.007 pec
#cylinder: 5.942 0.159 0.000 5.942 0.159 0.002 0.007 pec
#cylinder: 6.225 0.174 0.000 6.225 0.174 0.002 0.006 pec
#cylinder: 6.359 0.103 0.000 6.359 0.103 0.002 0.009 pec
#cylinder: 6.602 0.144 0.000 6.602 0.144 0.002 0.010 pec
#cylinder: 6.718 0.195 0.000 6.718 0.195 0.002 0.005 pec
#cylinder: 6.824 0.164 0.000 6.824 0.164 0.002 0.009 pec
#cylinder: 7.018 0.148 0.000 7.018 0.148 0.002 0.006 pec
#cylinder: 7.150 0.195 0.000 7.150 0.195 0.002 0.008 pec
#cylinder: 7.354 0.111 0.000 7.354 0.111 0.002 0.008 pec
#cylinder: 7.533 0.175 0.000 7.533 0.175 0.002 0.009 pec
#cylinder: 7.756 0.153 0.000 7.756 0.153 0.002 0.006 pec
#cylinder: 7.958 0.117 0.000 7.958 0.117 0.002 0.008 pec
#cylinder: 8.160 0.161 0.000 8.160 0.161 0.002 0.005 pec
#cylinder: 8.272 0.122 0.000 8.272 0.122 0.002 0.007 pec
#cylinder: 8.491 0.183 0.000 8.491 0.183 0.002 0.005 pec
#cylinder: 8.610 0.117 0.000 8.610 0.117 0.002 0.008 pec
#cylinder: 8.826 0.151 0.000 8.826 0.151 0.002 0.005 pec
#cylinder: 9.041 0.217 0.000 9.041 0.217 0.002 0.005 pec
#cylinder: 9.279 0.212 0.000 9.279 0.212 0.002 0.008 pec
#cylinder: 9.473 0.106 0.000 9.473 0.106 0.002 0.005 pec
#cylinder: 9.734 0.115 0.000 9.734 0.115 0.002 0.007 pec
#cylinder: 10.006 0.109 0.000 10.006 0.109 0.002 0.010 pec
