testingplz 
#domain: 10.200 0.300 0.002 
#dx_dy_dz: 0.002 0.002 0.002 
#time_window: 5.000000e-09 

#excitation_file: mala_source_modified.txt 
#hertzian_dipole: z 0.080 0.250 0 mala_source 
#rx: 0.120 0.250 0.000 
#src_steps: 0.002 0.000 0.000 
#rx_steps: 0.002 0.000 0.000 

#material: 5.000 0.220 1.000 0.000 concrete
#material: 10000000.000 10000000.000 100.000 0.000 rebar
#material: 1.000 0.000 1.000 0.000 air
#material: 80.000 0.500 1.000 0.000 water

#box: 0.000 0.000 0.000 10.200 0.250 0.002 concrete

#box: 0.234 0.102 0.000 0.249 0.143 0.002 air
#box: 0.388 0.105 0.000 0.404 0.204 0.002 air
#box: 0.825 0.208 0.000 0.832 0.213 0.002 air
#box: 1.226 0.150 0.000 1.245 0.195 0.002 air
#box: 1.331 0.220 0.000 1.349 0.231 0.002 air
#box: 1.732 0.106 0.000 1.743 0.154 0.002 air
#box: 2.032 0.164 0.000 2.049 0.209 0.002 air
#box: 2.431 0.204 0.000 2.436 0.239 0.002 air
#box: 2.870 0.180 0.000 2.877 0.185 0.002 air
#box: 3.315 0.210 0.000 3.321 0.229 0.002 air
#box: 3.612 0.199 0.000 3.615 0.236 0.002 air
#box: 3.898 0.100 0.000 3.904 0.237 0.002 air
#box: 4.060 0.126 0.000 4.067 0.160 0.002 air
#box: 4.394 0.103 0.000 4.401 0.230 0.002 air
#box: 4.526 0.223 0.000 4.537 0.227 0.002 air
#box: 4.769 0.099 0.000 4.774 0.206 0.002 air
#box: 5.090 0.202 0.000 5.092 0.241 0.002 air
#box: 5.397 0.162 0.000 5.400 0.174 0.002 air
#box: 5.635 0.208 0.000 5.640 0.213 0.002 air
#box: 5.781 0.205 0.000 5.800 0.229 0.002 air
#box: 6.242 0.189 0.000 6.261 0.238 0.002 air
#box: 6.609 0.136 0.000 6.628 0.160 0.002 air
#box: 6.804 0.226 0.000 6.816 0.234 0.002 air
#box: 7.035 0.132 0.000 7.052 0.152 0.002 air
#box: 7.234 0.099 0.000 7.252 0.213 0.002 air
#box: 7.390 0.176 0.000 7.393 0.246 0.002 air
#box: 7.851 0.135 0.000 7.857 0.250 0.002 air
#box: 8.291 0.177 0.000 8.296 0.183 0.002 air
#box: 8.570 0.201 0.000 8.588 0.235 0.002 air
#box: 8.698 0.160 0.000 8.707 0.217 0.002 air
#box: 8.957 0.204 0.000 8.967 0.238 0.002 air
#box: 9.154 0.152 0.000 9.174 0.193 0.002 air
#box: 9.615 0.184 0.000 9.620 0.238 0.002 air
#box: 10.039 0.159 0.000 10.053 0.241 0.002 air
#box: 0.345 0.144 0.000 0.367 0.157 0.002 water
#box: 0.703 0.158 0.000 0.774 0.197 0.002 water
#box: 1.009 0.124 0.000 1.077 0.144 0.002 water
#box: 1.405 0.171 0.000 1.449 0.219 0.002 water
#box: 1.620 0.128 0.000 1.646 0.140 0.002 water
#box: 1.933 0.162 0.000 1.995 0.189 0.002 water
#box: 2.301 0.145 0.000 2.326 0.184 0.002 water
#box: 2.606 0.140 0.000 2.686 0.154 0.002 water
#box: 3.005 0.157 0.000 3.080 0.180 0.002 water
#box: 3.493 0.184 0.000 3.526 0.210 0.002 water
#box: 3.650 0.140 0.000 3.678 0.174 0.002 water
#box: 3.789 0.143 0.000 3.861 0.164 0.002 water
#box: 4.201 0.110 0.000 4.247 0.130 0.002 water
#box: 4.642 0.161 0.000 4.686 0.206 0.002 water
#box: 4.763 0.130 0.000 4.788 0.138 0.002 water
#box: 5.015 0.172 0.000 5.058 0.174 0.002 water
#box: 5.115 0.172 0.000 5.159 0.216 0.002 water
#box: 5.325 0.154 0.000 5.363 0.156 0.002 water
#box: 5.825 0.196 0.000 5.865 0.214 0.002 water
#box: 6.144 0.177 0.000 6.217 0.181 0.002 water
#box: 6.589 0.174 0.000 6.629 0.195 0.002 water
#box: 6.875 0.096 0.000 6.908 0.184 0.002 water
#box: 7.025 0.150 0.000 7.046 0.209 0.002 water
#box: 7.366 0.105 0.000 7.430 0.161 0.002 water
#box: 7.560 0.124 0.000 7.603 0.181 0.002 water
#box: 7.827 0.155 0.000 7.903 0.160 0.002 water
#box: 8.170 0.167 0.000 8.225 0.207 0.002 water
#box: 8.407 0.142 0.000 8.429 0.201 0.002 water
#box: 8.766 0.173 0.000 8.827 0.185 0.002 water
#box: 9.114 0.114 0.000 9.182 0.117 0.002 water
#box: 9.460 0.099 0.000 9.484 0.147 0.002 water
#box: 9.749 0.170 0.000 9.780 0.217 0.002 water
