testingplz 
#domain: 10.200 0.300 0.002 
#dx_dy_dz: 0.002 0.002 0.002 
#time_window: 5.000000e-09 

#excitation_file: mala_source_modified.txt 
#hertzian_dipole: z 0.080 0.250 0 mala_source 
#rx: 0.120 0.250 0.000 
#src_steps: 0.002 0.000 0.000 
#rx_steps: 0.002 0.000 0.000 

#material: 5.000 0.220 1.000 0.000 concrete
#material: 10000000.000 10000000.000 100.000 0.000 rebar
#material: 1.000 0.000 1.000 0.000 air
#material: 80.000 0.500 1.000 0.000 water

#box: 0.000 0.000 0.000 10.200 0.250 0.002 concrete

#box: 0.249 0.111 0.000 0.315 0.200 0.002 water
#box: 0.435 0.164 0.000 0.497 0.171 0.002 water
#box: 0.830 0.102 0.000 0.894 0.126 0.002 water
#box: 1.262 0.114 0.000 1.321 0.212 0.002 water
#box: 1.650 0.135 0.000 1.690 0.215 0.002 water
#box: 1.914 0.163 0.000 1.960 0.183 0.002 water
#box: 2.199 0.104 0.000 2.229 0.206 0.002 water
#box: 2.578 0.105 0.000 2.597 0.205 0.002 water
#box: 3.020 0.179 0.000 3.077 0.204 0.002 water
#box: 3.253 0.173 0.000 3.297 0.202 0.002 water
#box: 3.459 0.184 0.000 3.499 0.205 0.002 water
#box: 3.773 0.099 0.000 3.813 0.204 0.002 water
#box: 4.101 0.163 0.000 4.174 0.206 0.002 water
#box: 4.279 0.113 0.000 4.330 0.208 0.002 water
#box: 4.565 0.167 0.000 4.639 0.192 0.002 water
#box: 4.908 0.169 0.000 4.987 0.212 0.002 water
#box: 5.344 0.137 0.000 5.356 0.163 0.002 water
#box: 5.811 0.131 0.000 5.824 0.198 0.002 water
#box: 5.913 0.115 0.000 5.975 0.196 0.002 water
#box: 6.179 0.099 0.000 6.240 0.136 0.002 water
#box: 6.422 0.107 0.000 6.501 0.177 0.002 water
#box: 6.588 0.138 0.000 6.636 0.165 0.002 water
#box: 6.970 0.142 0.000 7.001 0.215 0.002 water
#box: 7.433 0.128 0.000 7.486 0.150 0.002 water
#box: 7.552 0.126 0.000 7.565 0.131 0.002 water
#box: 7.692 0.124 0.000 7.726 0.202 0.002 water
#box: 8.000 0.124 0.000 8.022 0.202 0.002 water
#box: 8.309 0.150 0.000 8.358 0.169 0.002 water
#box: 8.547 0.132 0.000 8.608 0.169 0.002 water
#box: 8.655 0.105 0.000 8.709 0.169 0.002 water
#box: 8.919 0.162 0.000 8.937 0.183 0.002 water
#box: 9.077 0.119 0.000 9.138 0.187 0.002 water
#box: 9.427 0.133 0.000 9.484 0.213 0.002 water
#box: 9.628 0.162 0.000 9.685 0.179 0.002 water
#box: 9.963 0.167 0.000 9.993 0.215 0.002 water
#cylinder: 0.179 0.121 0.000 0.179 0.121 0.002 0.009 pec
#cylinder: 0.372 0.194 0.000 0.372 0.194 0.002 0.009 pec
#cylinder: 0.510 0.137 0.000 0.510 0.137 0.002 0.006 pec
#cylinder: 0.801 0.135 0.000 0.801 0.135 0.002 0.006 pec
#cylinder: 1.027 0.145 0.000 1.027 0.145 0.002 0.010 pec
#cylinder: 1.250 0.136 0.000 1.250 0.136 0.002 0.008 pec
#cylinder: 1.476 0.148 0.000 1.476 0.148 0.002 0.005 pec
#cylinder: 1.580 0.113 0.000 1.580 0.113 0.002 0.009 pec
#cylinder: 1.692 0.195 0.000 1.692 0.195 0.002 0.010 pec
#cylinder: 1.882 0.105 0.000 1.882 0.105 0.002 0.010 pec
#cylinder: 2.120 0.192 0.000 2.120 0.192 0.002 0.005 pec
#cylinder: 2.222 0.142 0.000 2.222 0.142 0.002 0.009 pec
#cylinder: 2.356 0.180 0.000 2.356 0.180 0.002 0.009 pec
#cylinder: 2.516 0.125 0.000 2.516 0.125 0.002 0.009 pec
#cylinder: 2.739 0.142 0.000 2.739 0.142 0.002 0.006 pec
#cylinder: 3.003 0.206 0.000 3.003 0.206 0.002 0.007 pec
#cylinder: 3.194 0.127 0.000 3.194 0.127 0.002 0.007 pec
#cylinder: 3.489 0.149 0.000 3.489 0.149 0.002 0.007 pec
#cylinder: 3.706 0.174 0.000 3.706 0.174 0.002 0.009 pec
#cylinder: 3.960 0.106 0.000 3.960 0.106 0.002 0.005 pec
#cylinder: 4.096 0.183 0.000 4.096 0.183 0.002 0.006 pec
#cylinder: 4.366 0.199 0.000 4.366 0.199 0.002 0.006 pec
#cylinder: 4.545 0.174 0.000 4.545 0.174 0.002 0.005 pec
#cylinder: 4.755 0.207 0.000 4.755 0.207 0.002 0.009 pec
#cylinder: 5.011 0.200 0.000 5.011 0.200 0.002 0.006 pec
#cylinder: 5.173 0.209 0.000 5.173 0.209 0.002 0.006 pec
#cylinder: 5.345 0.108 0.000 5.345 0.108 0.002 0.010 pec
#cylinder: 5.511 0.140 0.000 5.511 0.140 0.002 0.006 pec
#cylinder: 5.722 0.185 0.000 5.722 0.185 0.002 0.009 pec
#cylinder: 5.995 0.199 0.000 5.995 0.199 0.002 0.006 pec
#cylinder: 6.118 0.179 0.000 6.118 0.179 0.002 0.009 pec
#cylinder: 6.242 0.199 0.000 6.242 0.199 0.002 0.006 pec
#cylinder: 6.535 0.118 0.000 6.535 0.118 0.002 0.007 pec
#cylinder: 6.714 0.167 0.000 6.714 0.167 0.002 0.005 pec
#cylinder: 6.972 0.173 0.000 6.972 0.173 0.002 0.007 pec
#cylinder: 7.085 0.205 0.000 7.085 0.205 0.002 0.008 pec
#cylinder: 7.222 0.218 0.000 7.222 0.218 0.002 0.007 pec
#cylinder: 7.501 0.189 0.000 7.501 0.189 0.002 0.005 pec
#cylinder: 7.782 0.111 0.000 7.782 0.111 0.002 0.006 pec
#cylinder: 8.076 0.122 0.000 8.076 0.122 0.002 0.005 pec
#cylinder: 8.304 0.146 0.000 8.304 0.146 0.002 0.010 pec
#cylinder: 8.581 0.152 0.000 8.581 0.152 0.002 0.005 pec
#cylinder: 8.721 0.198 0.000 8.721 0.198 0.002 0.007 pec
#cylinder: 8.963 0.113 0.000 8.963 0.113 0.002 0.009 pec
#cylinder: 9.067 0.214 0.000 9.067 0.214 0.002 0.007 pec
#cylinder: 9.197 0.119 0.000 9.197 0.119 0.002 0.007 pec
#cylinder: 9.332 0.117 0.000 9.332 0.117 0.002 0.005 pec
#cylinder: 9.471 0.188 0.000 9.471 0.188 0.002 0.010 pec
#cylinder: 9.755 0.157 0.000 9.755 0.157 0.002 0.008 pec
#cylinder: 9.857 0.173 0.000 9.857 0.173 0.002 0.006 pec
