testingplz 
#domain: 10.200 0.300 0.002 
#dx_dy_dz: 0.002 0.002 0.002 
#time_window: 5.000000e-09 

#excitation_file: mala_source_modified.txt 
#hertzian_dipole: z 0.080 0.250 0 mala_source 
#rx: 0.120 0.250 0.000 
#src_steps: 0.002 0.000 0.000 
#rx_steps: 0.002 0.000 0.000 

#material: 5.000 0.220 1.000 0.000 concrete
#material: 10000000.000 10000000.000 100.000 0.000 rebar
#material: 1.000 0.000 1.000 0.000 air
#material: 80.000 0.500 1.000 0.000 water

#box: 0.000 0.000 0.000 10.200 0.250 0.002 concrete

#box: 0.446 0.135 0.000 0.454 0.156 0.002 air
#box: 0.818 0.172 0.000 0.820 0.178 0.002 air
#box: 1.123 0.195 0.000 1.138 0.225 0.002 air
#box: 1.609 0.175 0.000 1.613 0.185 0.002 air
#box: 1.975 0.135 0.000 1.977 0.235 0.002 air
#box: 2.293 0.202 0.000 2.297 0.219 0.002 air
#box: 2.566 0.110 0.000 2.583 0.134 0.002 air
#box: 3.043 0.173 0.000 3.047 0.224 0.002 air
#box: 3.421 0.133 0.000 3.437 0.156 0.002 air
#box: 3.654 0.190 0.000 3.671 0.203 0.002 air
#box: 4.023 0.158 0.000 4.035 0.206 0.002 air
#box: 4.249 0.222 0.000 4.256 0.231 0.002 air
#box: 4.469 0.190 0.000 4.471 0.194 0.002 air
#box: 4.661 0.105 0.000 4.666 0.164 0.002 air
#box: 5.002 0.222 0.000 5.018 0.237 0.002 air
#box: 5.273 0.181 0.000 5.289 0.240 0.002 air
#box: 5.472 0.219 0.000 5.490 0.245 0.002 air
#box: 5.759 0.181 0.000 5.774 0.207 0.002 air
#box: 6.259 0.168 0.000 6.262 0.235 0.002 air
#box: 6.417 0.162 0.000 6.429 0.173 0.002 air
#box: 6.833 0.169 0.000 6.847 0.187 0.002 air
#box: 6.956 0.104 0.000 6.975 0.193 0.002 air
#box: 7.256 0.142 0.000 7.262 0.186 0.002 air
#box: 7.474 0.225 0.000 7.485 0.246 0.002 air
#box: 7.714 0.105 0.000 7.729 0.155 0.002 air
#box: 7.863 0.187 0.000 7.881 0.221 0.002 air
#box: 8.071 0.182 0.000 8.077 0.221 0.002 air
#box: 8.418 0.163 0.000 8.437 0.234 0.002 air
#box: 8.703 0.194 0.000 8.717 0.197 0.002 air
#box: 8.901 0.170 0.000 8.906 0.217 0.002 air
#box: 9.070 0.226 0.000 9.075 0.248 0.002 air
#box: 9.207 0.165 0.000 9.209 0.204 0.002 air
#box: 9.667 0.178 0.000 9.685 0.241 0.002 air
#box: 9.984 0.105 0.000 10.003 0.203 0.002 air
#box: 0.402 0.175 0.000 0.445 0.218 0.002 water
#box: 0.791 0.105 0.000 0.855 0.123 0.002 water
#box: 1.271 0.186 0.000 1.326 0.220 0.002 water
#box: 1.684 0.101 0.000 1.760 0.188 0.002 water
#box: 1.968 0.140 0.000 2.000 0.142 0.002 water
#box: 2.422 0.175 0.000 2.470 0.204 0.002 water
#box: 2.669 0.123 0.000 2.684 0.194 0.002 water
#box: 3.072 0.128 0.000 3.111 0.219 0.002 water
#box: 3.453 0.106 0.000 3.493 0.195 0.002 water
#box: 3.599 0.167 0.000 3.636 0.192 0.002 water
#box: 3.778 0.133 0.000 3.820 0.151 0.002 water
#box: 3.906 0.099 0.000 3.979 0.208 0.002 water
#box: 4.135 0.132 0.000 4.153 0.145 0.002 water
#box: 4.481 0.127 0.000 4.553 0.154 0.002 water
#box: 4.790 0.159 0.000 4.832 0.162 0.002 water
#box: 5.205 0.157 0.000 5.245 0.190 0.002 water
#box: 5.645 0.170 0.000 5.700 0.219 0.002 water
#box: 5.971 0.155 0.000 6.013 0.168 0.002 water
#box: 6.253 0.114 0.000 6.324 0.214 0.002 water
#box: 6.546 0.141 0.000 6.589 0.204 0.002 water
#box: 6.924 0.130 0.000 6.968 0.141 0.002 water
#box: 7.279 0.167 0.000 7.328 0.183 0.002 water
#box: 7.393 0.160 0.000 7.421 0.166 0.002 water
#box: 7.551 0.150 0.000 7.629 0.156 0.002 water
#box: 8.018 0.148 0.000 8.055 0.182 0.002 water
#box: 8.505 0.116 0.000 8.560 0.198 0.002 water
#box: 8.825 0.164 0.000 8.899 0.178 0.002 water
#box: 9.273 0.153 0.000 9.328 0.175 0.002 water
#box: 9.487 0.113 0.000 9.533 0.134 0.002 water
#box: 9.682 0.138 0.000 9.701 0.194 0.002 water
#box: 10.091 0.102 0.000 10.137 0.212 0.002 water
#cylinder: 0.179 0.177 0.000 0.179 0.177 0.002 0.009 pec
#cylinder: 0.477 0.194 0.000 0.477 0.194 0.002 0.008 pec
#cylinder: 0.637 0.170 0.000 0.637 0.170 0.002 0.006 pec
#cylinder: 0.829 0.166 0.000 0.829 0.166 0.002 0.010 pec
#cylinder: 1.045 0.198 0.000 1.045 0.198 0.002 0.005 pec
#cylinder: 1.165 0.136 0.000 1.165 0.136 0.002 0.006 pec
#cylinder: 1.288 0.198 0.000 1.288 0.198 0.002 0.006 pec
#cylinder: 1.401 0.210 0.000 1.401 0.210 0.002 0.006 pec
#cylinder: 1.626 0.151 0.000 1.626 0.151 0.002 0.005 pec
#cylinder: 1.915 0.107 0.000 1.915 0.107 0.002 0.005 pec
#cylinder: 2.144 0.202 0.000 2.144 0.202 0.002 0.005 pec
#cylinder: 2.430 0.174 0.000 2.430 0.174 0.002 0.009 pec
#cylinder: 2.692 0.210 0.000 2.692 0.210 0.002 0.008 pec
#cylinder: 2.875 0.121 0.000 2.875 0.121 0.002 0.009 pec
#cylinder: 3.119 0.132 0.000 3.119 0.132 0.002 0.005 pec
#cylinder: 3.359 0.197 0.000 3.359 0.197 0.002 0.007 pec
#cylinder: 3.514 0.212 0.000 3.514 0.212 0.002 0.009 pec
#cylinder: 3.780 0.142 0.000 3.780 0.142 0.002 0.005 pec
#cylinder: 4.011 0.131 0.000 4.011 0.131 0.002 0.006 pec
#cylinder: 4.130 0.199 0.000 4.130 0.199 0.002 0.007 pec
#cylinder: 4.369 0.187 0.000 4.369 0.187 0.002 0.008 pec
#cylinder: 4.554 0.129 0.000 4.554 0.129 0.002 0.009 pec
#cylinder: 4.722 0.203 0.000 4.722 0.203 0.002 0.005 pec
#cylinder: 4.954 0.174 0.000 4.954 0.174 0.002 0.006 pec
#cylinder: 5.141 0.161 0.000 5.141 0.161 0.002 0.005 pec
#cylinder: 5.343 0.179 0.000 5.343 0.179 0.002 0.009 pec
#cylinder: 5.593 0.193 0.000 5.593 0.193 0.002 0.006 pec
#cylinder: 5.706 0.204 0.000 5.706 0.204 0.002 0.010 pec
#cylinder: 5.920 0.210 0.000 5.920 0.210 0.002 0.006 pec
#cylinder: 6.114 0.171 0.000 6.114 0.171 0.002 0.007 pec
#cylinder: 6.408 0.211 0.000 6.408 0.211 0.002 0.006 pec
#cylinder: 6.676 0.212 0.000 6.676 0.212 0.002 0.005 pec
#cylinder: 6.841 0.196 0.000 6.841 0.196 0.002 0.009 pec
#cylinder: 7.016 0.100 0.000 7.016 0.100 0.002 0.010 pec
#cylinder: 7.298 0.206 0.000 7.298 0.206 0.002 0.010 pec
#cylinder: 7.563 0.115 0.000 7.563 0.115 0.002 0.010 pec
#cylinder: 7.714 0.126 0.000 7.714 0.126 0.002 0.008 pec
#cylinder: 7.990 0.192 0.000 7.990 0.192 0.002 0.008 pec
#cylinder: 8.251 0.122 0.000 8.251 0.122 0.002 0.007 pec
#cylinder: 8.395 0.207 0.000 8.395 0.207 0.002 0.009 pec
#cylinder: 8.636 0.154 0.000 8.636 0.154 0.002 0.007 pec
#cylinder: 8.883 0.207 0.000 8.883 0.207 0.002 0.007 pec
#cylinder: 9.138 0.192 0.000 9.138 0.192 0.002 0.009 pec
#cylinder: 9.379 0.107 0.000 9.379 0.107 0.002 0.007 pec
#cylinder: 9.573 0.116 0.000 9.573 0.116 0.002 0.006 pec
#cylinder: 9.848 0.167 0.000 9.848 0.167 0.002 0.009 pec
#cylinder: 10.024 0.196 0.000 10.024 0.196 0.002 0.007 pec
