testingplz 
#domain: 10.200 0.300 0.002 
#dx_dy_dz: 0.002 0.002 0.002 
#time_window: 5.000000e-09 

#excitation_file: mala_source_modified.txt 
#hertzian_dipole: z 0.080 0.250 0 mala_source 
#rx: 0.120 0.250 0.000 
#src_steps: 0.002 0.000 0.000 
#rx_steps: 0.002 0.000 0.000 

#material: 5.000 0.220 1.000 0.000 concrete
#material: 10000000.000 10000000.000 100.000 0.000 rebar
#material: 1.000 0.000 1.000 0.000 air
#material: 80.000 0.500 1.000 0.000 water

#box: 0.000 0.000 0.000 10.200 0.250 0.002 concrete

#box: 0.321 0.145 0.000 0.333 0.197 0.002 air
#box: 0.697 0.158 0.000 0.701 0.241 0.002 air
#box: 0.934 0.104 0.000 0.937 0.164 0.002 air
#box: 1.406 0.196 0.000 1.423 0.213 0.002 air
#box: 1.696 0.114 0.000 1.716 0.159 0.002 air
#box: 1.878 0.102 0.000 1.890 0.185 0.002 air
#box: 2.114 0.151 0.000 2.127 0.250 0.002 air
#box: 2.354 0.167 0.000 2.360 0.186 0.002 air
#box: 2.600 0.176 0.000 2.604 0.246 0.002 air
#box: 2.922 0.213 0.000 2.933 0.237 0.002 air
#box: 3.028 0.216 0.000 3.044 0.242 0.002 air
#box: 3.231 0.148 0.000 3.240 0.235 0.002 air
#box: 3.729 0.162 0.000 3.731 0.173 0.002 air
#box: 4.032 0.127 0.000 4.042 0.169 0.002 air
#box: 4.264 0.146 0.000 4.275 0.174 0.002 air
#box: 4.615 0.194 0.000 4.634 0.234 0.002 air
#box: 5.071 0.128 0.000 5.073 0.239 0.002 air
#box: 5.265 0.123 0.000 5.284 0.231 0.002 air
#box: 5.664 0.172 0.000 5.684 0.197 0.002 air
#box: 5.837 0.102 0.000 5.850 0.205 0.002 air
#box: 6.140 0.169 0.000 6.150 0.184 0.002 air
#box: 6.419 0.142 0.000 6.437 0.211 0.002 air
#box: 6.700 0.144 0.000 6.705 0.181 0.002 air
#box: 6.802 0.106 0.000 6.805 0.120 0.002 air
#box: 7.283 0.113 0.000 7.303 0.159 0.002 air
#box: 7.409 0.140 0.000 7.418 0.197 0.002 air
#box: 7.718 0.197 0.000 7.720 0.230 0.002 air
#box: 8.054 0.173 0.000 8.070 0.214 0.002 air
#box: 8.225 0.165 0.000 8.231 0.250 0.002 air
#box: 8.527 0.172 0.000 8.545 0.227 0.002 air
#box: 8.950 0.208 0.000 8.954 0.232 0.002 air
#box: 9.103 0.099 0.000 9.115 0.168 0.002 air
#box: 9.295 0.212 0.000 9.313 0.228 0.002 air
#box: 9.538 0.101 0.000 9.552 0.127 0.002 air
#box: 9.653 0.154 0.000 9.658 0.234 0.002 air
#box: 9.830 0.102 0.000 9.850 0.242 0.002 air
#box: 10.065 0.217 0.000 10.080 0.235 0.002 air
#box: 0.345 0.109 0.000 0.409 0.189 0.002 water
#box: 0.845 0.105 0.000 0.894 0.218 0.002 water
#box: 1.240 0.131 0.000 1.311 0.180 0.002 water
#box: 1.346 0.166 0.000 1.389 0.193 0.002 water
#box: 1.468 0.153 0.000 1.544 0.168 0.002 water
#box: 1.954 0.096 0.000 2.013 0.141 0.002 water
#box: 2.321 0.191 0.000 2.354 0.198 0.002 water
#box: 2.722 0.161 0.000 2.745 0.176 0.002 water
#box: 3.201 0.167 0.000 3.274 0.182 0.002 water
#box: 3.428 0.175 0.000 3.488 0.211 0.002 water
#box: 3.739 0.113 0.000 3.785 0.133 0.002 water
#box: 4.028 0.161 0.000 4.081 0.203 0.002 water
#box: 4.307 0.107 0.000 4.319 0.130 0.002 water
#box: 4.674 0.173 0.000 4.696 0.188 0.002 water
#box: 5.039 0.108 0.000 5.107 0.126 0.002 water
#box: 5.241 0.170 0.000 5.309 0.197 0.002 water
#box: 5.389 0.184 0.000 5.452 0.200 0.002 water
#box: 5.876 0.171 0.000 5.934 0.194 0.002 water
#box: 6.330 0.106 0.000 6.405 0.123 0.002 water
#box: 6.814 0.142 0.000 6.854 0.186 0.002 water
#box: 7.035 0.126 0.000 7.077 0.137 0.002 water
#box: 7.283 0.195 0.000 7.360 0.208 0.002 water
#box: 7.751 0.101 0.000 7.817 0.112 0.002 water
#box: 8.028 0.119 0.000 8.096 0.176 0.002 water
#box: 8.434 0.163 0.000 8.467 0.185 0.002 water
#box: 8.918 0.098 0.000 8.967 0.124 0.002 water
#box: 9.079 0.187 0.000 9.103 0.190 0.002 water
#box: 9.200 0.180 0.000 9.230 0.208 0.002 water
#box: 9.656 0.106 0.000 9.716 0.183 0.002 water
#cylinder: 0.188 0.134 0.000 0.188 0.134 0.002 0.009 pec
#cylinder: 0.436 0.135 0.000 0.436 0.135 0.002 0.008 pec
#cylinder: 0.675 0.158 0.000 0.675 0.158 0.002 0.010 pec
#cylinder: 0.920 0.145 0.000 0.920 0.145 0.002 0.007 pec
#cylinder: 1.094 0.108 0.000 1.094 0.108 0.002 0.006 pec
#cylinder: 1.202 0.165 0.000 1.202 0.165 0.002 0.006 pec
#cylinder: 1.369 0.176 0.000 1.369 0.176 0.002 0.009 pec
#cylinder: 1.667 0.105 0.000 1.667 0.105 0.002 0.009 pec
#cylinder: 1.937 0.171 0.000 1.937 0.171 0.002 0.006 pec
#cylinder: 2.131 0.134 0.000 2.131 0.134 0.002 0.007 pec
#cylinder: 2.251 0.119 0.000 2.251 0.119 0.002 0.007 pec
#cylinder: 2.487 0.176 0.000 2.487 0.176 0.002 0.005 pec
#cylinder: 2.783 0.193 0.000 2.783 0.193 0.002 0.009 pec
#cylinder: 2.999 0.121 0.000 2.999 0.121 0.002 0.010 pec
#cylinder: 3.233 0.150 0.000 3.233 0.150 0.002 0.005 pec
#cylinder: 3.495 0.208 0.000 3.495 0.208 0.002 0.009 pec
#cylinder: 3.756 0.145 0.000 3.756 0.145 0.002 0.005 pec
#cylinder: 3.993 0.133 0.000 3.993 0.133 0.002 0.006 pec
#cylinder: 4.278 0.214 0.000 4.278 0.214 0.002 0.009 pec
#cylinder: 4.540 0.157 0.000 4.540 0.157 0.002 0.009 pec
#cylinder: 4.679 0.191 0.000 4.679 0.191 0.002 0.005 pec
#cylinder: 4.978 0.165 0.000 4.978 0.165 0.002 0.005 pec
#cylinder: 5.130 0.200 0.000 5.130 0.200 0.002 0.006 pec
#cylinder: 5.345 0.106 0.000 5.345 0.106 0.002 0.007 pec
#cylinder: 5.548 0.170 0.000 5.548 0.170 0.002 0.006 pec
#cylinder: 5.690 0.102 0.000 5.690 0.102 0.002 0.008 pec
#cylinder: 5.895 0.123 0.000 5.895 0.123 0.002 0.005 pec
#cylinder: 6.139 0.117 0.000 6.139 0.117 0.002 0.006 pec
#cylinder: 6.293 0.134 0.000 6.293 0.134 0.002 0.007 pec
#cylinder: 6.562 0.178 0.000 6.562 0.178 0.002 0.010 pec
#cylinder: 6.776 0.160 0.000 6.776 0.160 0.002 0.010 pec
#cylinder: 6.958 0.142 0.000 6.958 0.142 0.002 0.010 pec
#cylinder: 7.073 0.128 0.000 7.073 0.128 0.002 0.006 pec
#cylinder: 7.353 0.171 0.000 7.353 0.171 0.002 0.007 pec
#cylinder: 7.621 0.197 0.000 7.621 0.197 0.002 0.005 pec
#cylinder: 7.795 0.137 0.000 7.795 0.137 0.002 0.007 pec
#cylinder: 8.041 0.190 0.000 8.041 0.190 0.002 0.010 pec
#cylinder: 8.226 0.122 0.000 8.226 0.122 0.002 0.005 pec
#cylinder: 8.418 0.114 0.000 8.418 0.114 0.002 0.006 pec
#cylinder: 8.627 0.207 0.000 8.627 0.207 0.002 0.006 pec
#cylinder: 8.794 0.118 0.000 8.794 0.118 0.002 0.009 pec
#cylinder: 9.030 0.121 0.000 9.030 0.121 0.002 0.009 pec
#cylinder: 9.131 0.111 0.000 9.131 0.111 0.002 0.009 pec
#cylinder: 9.247 0.173 0.000 9.247 0.173 0.002 0.009 pec
#cylinder: 9.515 0.121 0.000 9.515 0.121 0.002 0.007 pec
#cylinder: 9.790 0.142 0.000 9.790 0.142 0.002 0.009 pec
#cylinder: 10.043 0.211 0.000 10.043 0.211 0.002 0.007 pec
