testingplz 
#domain: 10.200 0.300 0.002 
#dx_dy_dz: 0.002 0.002 0.002 
#time_window: 5.000000e-09 

#excitation_file: mala_source_modified.txt 
#hertzian_dipole: z 0.080 0.250 0 mala_source 
#rx: 0.120 0.250 0.000 
#src_steps: 0.002 0.000 0.000 
#rx_steps: 0.002 0.000 0.000 

#material: 5.000 0.220 1.000 0.000 concrete
#material: 10000000.000 10000000.000 100.000 0.000 rebar
#material: 1.000 0.000 1.000 0.000 air
#material: 80.000 0.500 1.000 0.000 water

#box: 0.000 0.000 0.000 10.200 0.250 0.002 concrete

#cylinder: 0.152 0.151 0.000 0.152 0.151 0.002 0.007 pec
#cylinder: 0.327 0.206 0.000 0.327 0.206 0.002 0.006 pec
#cylinder: 0.569 0.143 0.000 0.569 0.143 0.002 0.008 pec
#cylinder: 0.838 0.123 0.000 0.838 0.123 0.002 0.006 pec
#cylinder: 0.991 0.208 0.000 0.991 0.208 0.002 0.005 pec
#cylinder: 1.123 0.163 0.000 1.123 0.163 0.002 0.006 pec
#cylinder: 1.294 0.148 0.000 1.294 0.148 0.002 0.009 pec
#cylinder: 1.409 0.216 0.000 1.409 0.216 0.002 0.005 pec
#cylinder: 1.690 0.125 0.000 1.690 0.125 0.002 0.005 pec
#cylinder: 1.877 0.101 0.000 1.877 0.101 0.002 0.006 pec
#cylinder: 1.984 0.143 0.000 1.984 0.143 0.002 0.006 pec
#cylinder: 2.264 0.108 0.000 2.264 0.108 0.002 0.010 pec
#cylinder: 2.432 0.128 0.000 2.432 0.128 0.002 0.007 pec
#cylinder: 2.640 0.111 0.000 2.640 0.111 0.002 0.009 pec
#cylinder: 2.822 0.186 0.000 2.822 0.186 0.002 0.006 pec
#cylinder: 2.948 0.116 0.000 2.948 0.116 0.002 0.009 pec
#cylinder: 3.208 0.111 0.000 3.208 0.111 0.002 0.009 pec
#cylinder: 3.334 0.133 0.000 3.334 0.133 0.002 0.005 pec
#cylinder: 3.550 0.159 0.000 3.550 0.159 0.002 0.008 pec
#cylinder: 3.820 0.117 0.000 3.820 0.117 0.002 0.008 pec
#cylinder: 4.103 0.210 0.000 4.103 0.210 0.002 0.006 pec
#cylinder: 4.227 0.190 0.000 4.227 0.190 0.002 0.009 pec
#cylinder: 4.486 0.102 0.000 4.486 0.102 0.002 0.005 pec
#cylinder: 4.692 0.163 0.000 4.692 0.163 0.002 0.006 pec
#cylinder: 4.847 0.178 0.000 4.847 0.178 0.002 0.007 pec
#cylinder: 5.077 0.137 0.000 5.077 0.137 0.002 0.008 pec
#cylinder: 5.206 0.162 0.000 5.206 0.162 0.002 0.009 pec
#cylinder: 5.411 0.146 0.000 5.411 0.146 0.002 0.009 pec
#cylinder: 5.666 0.111 0.000 5.666 0.111 0.002 0.010 pec
#cylinder: 5.904 0.157 0.000 5.904 0.157 0.002 0.008 pec
#cylinder: 6.072 0.163 0.000 6.072 0.163 0.002 0.010 pec
#cylinder: 6.204 0.205 0.000 6.204 0.205 0.002 0.005 pec
#cylinder: 6.470 0.139 0.000 6.470 0.139 0.002 0.007 pec
#cylinder: 6.656 0.194 0.000 6.656 0.194 0.002 0.009 pec
#cylinder: 6.938 0.105 0.000 6.938 0.105 0.002 0.006 pec
#cylinder: 7.141 0.201 0.000 7.141 0.201 0.002 0.009 pec
#cylinder: 7.294 0.197 0.000 7.294 0.197 0.002 0.009 pec
#cylinder: 7.521 0.109 0.000 7.521 0.109 0.002 0.007 pec
#cylinder: 7.623 0.160 0.000 7.623 0.160 0.002 0.009 pec
#cylinder: 7.747 0.162 0.000 7.747 0.162 0.002 0.009 pec
#cylinder: 7.980 0.168 0.000 7.980 0.168 0.002 0.010 pec
#cylinder: 8.208 0.133 0.000 8.208 0.133 0.002 0.006 pec
#cylinder: 8.476 0.153 0.000 8.476 0.153 0.002 0.006 pec
#cylinder: 8.605 0.133 0.000 8.605 0.133 0.002 0.005 pec
#cylinder: 8.858 0.118 0.000 8.858 0.118 0.002 0.008 pec
#cylinder: 9.081 0.132 0.000 9.081 0.132 0.002 0.007 pec
#cylinder: 9.272 0.153 0.000 9.272 0.153 0.002 0.009 pec
#cylinder: 9.422 0.192 0.000 9.422 0.192 0.002 0.005 pec
#cylinder: 9.718 0.219 0.000 9.718 0.219 0.002 0.006 pec
#cylinder: 9.893 0.127 0.000 9.893 0.127 0.002 0.009 pec
#cylinder: 10.012 0.183 0.000 10.012 0.183 0.002 0.005 pec
