testingplz 
#domain: 10.200 0.300 0.002 
#dx_dy_dz: 0.002 0.002 0.002 
#time_window: 5.000000e-09 

#excitation_file: mala_source_modified.txt 
#hertzian_dipole: z 0.080 0.250 0 mala_source 
#rx: 0.120 0.250 0.000 
#src_steps: 0.002 0.000 0.000 
#rx_steps: 0.002 0.000 0.000 

#material: 5.000 0.220 1.000 0.000 concrete
#material: 10000000.000 10000000.000 100.000 0.000 rebar
#material: 1.000 0.000 1.000 0.000 air
#material: 80.000 0.500 1.000 0.000 water

#box: 0.000 0.000 0.000 10.200 0.250 0.002 concrete

#box: 0.229 0.099 0.000 0.239 0.119 0.002 air
#box: 0.700 0.156 0.000 0.705 0.158 0.002 air
#box: 0.928 0.163 0.000 0.936 0.190 0.002 air
#box: 1.216 0.114 0.000 1.228 0.120 0.002 air
#box: 1.535 0.136 0.000 1.547 0.155 0.002 air
#box: 1.737 0.210 0.000 1.753 0.244 0.002 air
#box: 1.931 0.178 0.000 1.943 0.201 0.002 air
#box: 2.152 0.201 0.000 2.161 0.209 0.002 air
#box: 2.614 0.153 0.000 2.632 0.165 0.002 air
#box: 2.784 0.111 0.000 2.786 0.186 0.002 air
#box: 3.029 0.151 0.000 3.032 0.196 0.002 air
#box: 3.375 0.213 0.000 3.388 0.247 0.002 air
#box: 3.766 0.162 0.000 3.770 0.175 0.002 air
#box: 3.963 0.179 0.000 3.971 0.197 0.002 air
#box: 4.063 0.222 0.000 4.081 0.231 0.002 air
#box: 4.401 0.122 0.000 4.419 0.206 0.002 air
#box: 4.786 0.221 0.000 4.796 0.231 0.002 air
#box: 5.204 0.109 0.000 5.217 0.151 0.002 air
#box: 5.362 0.161 0.000 5.369 0.174 0.002 air
#box: 5.787 0.224 0.000 5.803 0.237 0.002 air
#box: 6.022 0.183 0.000 6.038 0.185 0.002 air
#box: 6.331 0.161 0.000 6.339 0.191 0.002 air
#box: 6.701 0.165 0.000 6.713 0.236 0.002 air
#box: 7.071 0.199 0.000 7.085 0.241 0.002 air
#box: 7.355 0.192 0.000 7.362 0.195 0.002 air
#box: 7.853 0.193 0.000 7.862 0.243 0.002 air
#box: 7.953 0.171 0.000 7.969 0.195 0.002 air
#box: 8.354 0.181 0.000 8.357 0.224 0.002 air
#box: 8.548 0.121 0.000 8.554 0.239 0.002 air
#box: 8.869 0.192 0.000 8.885 0.246 0.002 air
#box: 9.052 0.150 0.000 9.060 0.158 0.002 air
#box: 9.336 0.101 0.000 9.343 0.123 0.002 air
#box: 9.457 0.170 0.000 9.476 0.209 0.002 air
#box: 9.747 0.222 0.000 9.756 0.240 0.002 air
#box: 9.880 0.131 0.000 9.897 0.219 0.002 air
#box: 0.294 0.188 0.000 0.343 0.197 0.002 water
#box: 0.560 0.102 0.000 0.606 0.149 0.002 water
#box: 0.950 0.152 0.000 1.019 0.161 0.002 water
#box: 1.402 0.133 0.000 1.452 0.182 0.002 water
#box: 1.879 0.127 0.000 1.899 0.153 0.002 water
#box: 2.181 0.149 0.000 2.228 0.159 0.002 water
#box: 2.392 0.135 0.000 2.459 0.195 0.002 water
#box: 2.559 0.195 0.000 2.626 0.198 0.002 water
#box: 2.979 0.129 0.000 3.021 0.151 0.002 water
#box: 3.315 0.191 0.000 3.342 0.205 0.002 water
#box: 3.555 0.152 0.000 3.584 0.165 0.002 water
#box: 3.670 0.131 0.000 3.733 0.202 0.002 water
#box: 3.804 0.096 0.000 3.880 0.205 0.002 water
#box: 4.003 0.112 0.000 4.017 0.128 0.002 water
#box: 4.488 0.135 0.000 4.548 0.191 0.002 water
#box: 4.684 0.139 0.000 4.717 0.190 0.002 water
#box: 4.994 0.134 0.000 5.033 0.173 0.002 water
#box: 5.394 0.108 0.000 5.421 0.156 0.002 water
#box: 5.733 0.170 0.000 5.748 0.194 0.002 water
#box: 5.845 0.194 0.000 5.880 0.205 0.002 water
#box: 6.302 0.135 0.000 6.315 0.151 0.002 water
#box: 6.598 0.158 0.000 6.672 0.171 0.002 water
#box: 6.829 0.108 0.000 6.847 0.206 0.002 water
#box: 7.018 0.157 0.000 7.083 0.176 0.002 water
#box: 7.277 0.152 0.000 7.344 0.210 0.002 water
#box: 7.461 0.101 0.000 7.501 0.178 0.002 water
#box: 7.602 0.196 0.000 7.636 0.216 0.002 water
#box: 7.762 0.187 0.000 7.772 0.207 0.002 water
#box: 7.952 0.136 0.000 8.026 0.210 0.002 water
#box: 8.413 0.128 0.000 8.439 0.201 0.002 water
#box: 8.666 0.192 0.000 8.709 0.213 0.002 water
#box: 9.166 0.174 0.000 9.216 0.189 0.002 water
#box: 9.562 0.102 0.000 9.616 0.205 0.002 water
#box: 9.742 0.153 0.000 9.807 0.164 0.002 water
#box: 10.099 0.144 0.000 10.177 0.217 0.002 water
#cylinder: 0.140 0.212 0.000 0.140 0.212 0.002 0.005 pec
#cylinder: 0.385 0.130 0.000 0.385 0.130 0.002 0.006 pec
#cylinder: 0.554 0.113 0.000 0.554 0.113 0.002 0.007 pec
#cylinder: 0.656 0.178 0.000 0.656 0.178 0.002 0.007 pec
#cylinder: 0.934 0.169 0.000 0.934 0.169 0.002 0.009 pec
#cylinder: 1.170 0.124 0.000 1.170 0.124 0.002 0.007 pec
#cylinder: 1.360 0.169 0.000 1.360 0.169 0.002 0.006 pec
#cylinder: 1.462 0.123 0.000 1.462 0.123 0.002 0.010 pec
#cylinder: 1.637 0.169 0.000 1.637 0.169 0.002 0.009 pec
#cylinder: 1.837 0.115 0.000 1.837 0.115 0.002 0.010 pec
#cylinder: 1.990 0.128 0.000 1.990 0.128 0.002 0.009 pec
#cylinder: 2.243 0.188 0.000 2.243 0.188 0.002 0.006 pec
#cylinder: 2.425 0.203 0.000 2.425 0.203 0.002 0.006 pec
#cylinder: 2.631 0.152 0.000 2.631 0.152 0.002 0.009 pec
#cylinder: 2.806 0.199 0.000 2.806 0.199 0.002 0.005 pec
#cylinder: 3.065 0.198 0.000 3.065 0.198 0.002 0.009 pec
#cylinder: 3.320 0.215 0.000 3.320 0.215 0.002 0.006 pec
#cylinder: 3.620 0.166 0.000 3.620 0.166 0.002 0.006 pec
#cylinder: 3.918 0.135 0.000 3.918 0.135 0.002 0.006 pec
#cylinder: 4.128 0.200 0.000 4.128 0.200 0.002 0.009 pec
#cylinder: 4.240 0.193 0.000 4.240 0.193 0.002 0.009 pec
#cylinder: 4.487 0.178 0.000 4.487 0.178 0.002 0.005 pec
#cylinder: 4.746 0.168 0.000 4.746 0.168 0.002 0.006 pec
#cylinder: 4.993 0.176 0.000 4.993 0.176 0.002 0.009 pec
#cylinder: 5.121 0.168 0.000 5.121 0.168 0.002 0.008 pec
#cylinder: 5.417 0.142 0.000 5.417 0.142 0.002 0.005 pec
#cylinder: 5.657 0.144 0.000 5.657 0.144 0.002 0.005 pec
#cylinder: 5.884 0.159 0.000 5.884 0.159 0.002 0.010 pec
#cylinder: 6.030 0.216 0.000 6.030 0.216 0.002 0.007 pec
#cylinder: 6.147 0.131 0.000 6.147 0.131 0.002 0.009 pec
#cylinder: 6.364 0.197 0.000 6.364 0.197 0.002 0.009 pec
#cylinder: 6.622 0.118 0.000 6.622 0.118 0.002 0.010 pec
#cylinder: 6.873 0.217 0.000 6.873 0.217 0.002 0.007 pec
#cylinder: 7.099 0.175 0.000 7.099 0.175 0.002 0.009 pec
#cylinder: 7.368 0.172 0.000 7.368 0.172 0.002 0.006 pec
#cylinder: 7.632 0.171 0.000 7.632 0.171 0.002 0.005 pec
#cylinder: 7.839 0.111 0.000 7.839 0.111 0.002 0.009 pec
#cylinder: 8.046 0.144 0.000 8.046 0.144 0.002 0.008 pec
#cylinder: 8.286 0.133 0.000 8.286 0.133 0.002 0.006 pec
#cylinder: 8.400 0.103 0.000 8.400 0.103 0.002 0.006 pec
#cylinder: 8.697 0.184 0.000 8.697 0.184 0.002 0.009 pec
#cylinder: 8.878 0.127 0.000 8.878 0.127 0.002 0.007 pec
#cylinder: 9.023 0.120 0.000 9.023 0.120 0.002 0.005 pec
#cylinder: 9.145 0.157 0.000 9.145 0.157 0.002 0.006 pec
#cylinder: 9.360 0.101 0.000 9.360 0.101 0.002 0.005 pec
#cylinder: 9.598 0.110 0.000 9.598 0.110 0.002 0.009 pec
#cylinder: 9.881 0.143 0.000 9.881 0.143 0.002 0.007 pec
#cylinder: 10.094 0.203 0.000 10.094 0.203 0.002 0.005 pec
