testingplz 
#domain: 10.200 0.300 0.002 
#dx_dy_dz: 0.002 0.002 0.002 
#time_window: 5.000000e-09 

#excitation_file: mala_source_modified.txt 
#hertzian_dipole: z 0.080 0.250 0 mala_source 
#rx: 0.120 0.250 0.000 
#src_steps: 0.002 0.000 0.000 
#rx_steps: 0.002 0.000 0.000 

#material: 5.000 0.220 1.000 0.000 concrete
#material: 10000000.000 10000000.000 100.000 0.000 rebar
#material: 1.000 0.000 1.000 0.000 air
#material: 80.000 0.500 1.000 0.000 water

#box: 0.000 0.000 0.000 10.200 0.250 0.002 concrete

#cylinder: 0.226 0.153 0.000 0.226 0.153 0.002 0.007 pec
#cylinder: 0.327 0.155 0.000 0.327 0.155 0.002 0.005 pec
#cylinder: 0.552 0.158 0.000 0.552 0.158 0.002 0.009 pec
#cylinder: 0.668 0.156 0.000 0.668 0.156 0.002 0.010 pec
#cylinder: 0.918 0.139 0.000 0.918 0.139 0.002 0.009 pec
#cylinder: 1.086 0.216 0.000 1.086 0.216 0.002 0.009 pec
#cylinder: 1.261 0.193 0.000 1.261 0.193 0.002 0.009 pec
#cylinder: 1.424 0.138 0.000 1.424 0.138 0.002 0.007 pec
#cylinder: 1.684 0.184 0.000 1.684 0.184 0.002 0.009 pec
#cylinder: 1.810 0.143 0.000 1.810 0.143 0.002 0.007 pec
#cylinder: 1.967 0.115 0.000 1.967 0.115 0.002 0.009 pec
#cylinder: 2.245 0.123 0.000 2.245 0.123 0.002 0.010 pec
#cylinder: 2.473 0.112 0.000 2.473 0.112 0.002 0.009 pec
#cylinder: 2.727 0.157 0.000 2.727 0.157 0.002 0.010 pec
#cylinder: 2.975 0.116 0.000 2.975 0.116 0.002 0.010 pec
#cylinder: 3.137 0.153 0.000 3.137 0.153 0.002 0.005 pec
#cylinder: 3.367 0.147 0.000 3.367 0.147 0.002 0.010 pec
#cylinder: 3.528 0.112 0.000 3.528 0.112 0.002 0.005 pec
#cylinder: 3.797 0.177 0.000 3.797 0.177 0.002 0.008 pec
#cylinder: 3.906 0.158 0.000 3.906 0.158 0.002 0.007 pec
#cylinder: 4.197 0.123 0.000 4.197 0.123 0.002 0.005 pec
#cylinder: 4.394 0.129 0.000 4.394 0.129 0.002 0.009 pec
#cylinder: 4.541 0.103 0.000 4.541 0.103 0.002 0.010 pec
#cylinder: 4.795 0.110 0.000 4.795 0.110 0.002 0.005 pec
#cylinder: 4.898 0.100 0.000 4.898 0.100 0.002 0.006 pec
#cylinder: 5.078 0.186 0.000 5.078 0.186 0.002 0.006 pec
#cylinder: 5.351 0.199 0.000 5.351 0.199 0.002 0.006 pec
#cylinder: 5.517 0.161 0.000 5.517 0.161 0.002 0.005 pec
#cylinder: 5.811 0.135 0.000 5.811 0.135 0.002 0.006 pec
#cylinder: 5.979 0.173 0.000 5.979 0.173 0.002 0.007 pec
#cylinder: 6.246 0.179 0.000 6.246 0.179 0.002 0.007 pec
#cylinder: 6.390 0.161 0.000 6.390 0.161 0.002 0.008 pec
#cylinder: 6.573 0.212 0.000 6.573 0.212 0.002 0.006 pec
#cylinder: 6.860 0.105 0.000 6.860 0.105 0.002 0.005 pec
#cylinder: 7.044 0.182 0.000 7.044 0.182 0.002 0.007 pec
#cylinder: 7.191 0.151 0.000 7.191 0.151 0.002 0.007 pec
#cylinder: 7.353 0.219 0.000 7.353 0.219 0.002 0.009 pec
#cylinder: 7.625 0.206 0.000 7.625 0.206 0.002 0.006 pec
#cylinder: 7.879 0.204 0.000 7.879 0.204 0.002 0.008 pec
#cylinder: 8.028 0.214 0.000 8.028 0.214 0.002 0.006 pec
#cylinder: 8.264 0.157 0.000 8.264 0.157 0.002 0.006 pec
#cylinder: 8.549 0.193 0.000 8.549 0.193 0.002 0.005 pec
#cylinder: 8.776 0.184 0.000 8.776 0.184 0.002 0.006 pec
#cylinder: 9.000 0.122 0.000 9.000 0.122 0.002 0.005 pec
#cylinder: 9.118 0.157 0.000 9.118 0.157 0.002 0.009 pec
#cylinder: 9.242 0.182 0.000 9.242 0.182 0.002 0.009 pec
#cylinder: 9.415 0.183 0.000 9.415 0.183 0.002 0.005 pec
#cylinder: 9.662 0.219 0.000 9.662 0.219 0.002 0.009 pec
#cylinder: 9.878 0.161 0.000 9.878 0.161 0.002 0.006 pec
