testingplz 
#domain: 10.200 0.300 0.002 
#dx_dy_dz: 0.002 0.002 0.002 
#time_window: 5.000000e-09 

#excitation_file: mala_source_modified.txt 
#hertzian_dipole: z 0.080 0.250 0 mala_source 
#rx: 0.120 0.250 0.000 
#src_steps: 0.002 0.000 0.000 
#rx_steps: 0.002 0.000 0.000 

#material: 5.000 0.220 1.000 0.000 concrete
#material: 10000000.000 10000000.000 100.000 0.000 rebar
#material: 1.000 0.000 1.000 0.000 air
#material: 80.000 0.500 1.000 0.000 water

#box: 0.000 0.000 0.000 10.200 0.250 0.002 concrete

#box: 0.254 0.195 0.000 0.270 0.203 0.002 air
#box: 0.605 0.210 0.000 0.614 0.228 0.002 air
#box: 0.712 0.155 0.000 0.720 0.209 0.002 air
#box: 1.186 0.165 0.000 1.203 0.249 0.002 air
#box: 1.389 0.105 0.000 1.395 0.186 0.002 air
#box: 1.887 0.215 0.000 1.903 0.229 0.002 air
#box: 2.160 0.122 0.000 2.176 0.163 0.002 air
#box: 2.413 0.224 0.000 2.426 0.242 0.002 air
#box: 2.722 0.129 0.000 2.734 0.175 0.002 air
#box: 2.919 0.104 0.000 2.939 0.138 0.002 air
#box: 3.236 0.116 0.000 3.255 0.173 0.002 air
#box: 3.421 0.120 0.000 3.432 0.188 0.002 air
#box: 3.525 0.138 0.000 3.531 0.166 0.002 air
#box: 3.655 0.117 0.000 3.672 0.228 0.002 air
#box: 3.762 0.140 0.000 3.780 0.181 0.002 air
#box: 3.923 0.180 0.000 3.927 0.244 0.002 air
#box: 4.264 0.137 0.000 4.283 0.211 0.002 air
#box: 4.672 0.166 0.000 4.689 0.227 0.002 air
#box: 4.852 0.181 0.000 4.870 0.241 0.002 air
#box: 5.168 0.130 0.000 5.183 0.241 0.002 air
#box: 5.656 0.222 0.000 5.658 0.248 0.002 air
#box: 6.116 0.219 0.000 6.136 0.230 0.002 air
#box: 6.320 0.154 0.000 6.333 0.220 0.002 air
#box: 6.665 0.210 0.000 6.678 0.239 0.002 air
#box: 7.156 0.173 0.000 7.162 0.238 0.002 air
#box: 7.363 0.222 0.000 7.375 0.234 0.002 air
#box: 7.704 0.178 0.000 7.713 0.216 0.002 air
#box: 7.849 0.194 0.000 7.861 0.243 0.002 air
#box: 8.120 0.125 0.000 8.131 0.230 0.002 air
#box: 8.351 0.171 0.000 8.357 0.210 0.002 air
#box: 8.663 0.141 0.000 8.677 0.144 0.002 air
#box: 8.979 0.140 0.000 8.985 0.223 0.002 air
#box: 9.311 0.155 0.000 9.331 0.246 0.002 air
#box: 9.606 0.190 0.000 9.618 0.208 0.002 air
#box: 10.026 0.152 0.000 10.044 0.181 0.002 air
