testingplz 
#domain: 10.200 0.300 0.002 
#dx_dy_dz: 0.002 0.002 0.002 
#time_window: 5.000000e-09 

#excitation_file: mala_source_modified.txt 
#hertzian_dipole: z 0.080 0.250 0 mala_source 
#rx: 0.120 0.250 0.000 
#src_steps: 0.002 0.000 0.000 
#rx_steps: 0.002 0.000 0.000 

#material: 5.000 0.220 1.000 0.000 concrete
#material: 10000000.000 10000000.000 100.000 0.000 rebar
#material: 1.000 0.000 1.000 0.000 air
#material: 80.000 0.500 1.000 0.000 water

#box: 0.000 0.000 0.000 10.200 0.250 0.002 concrete

#box: 0.185 0.149 0.000 0.199 0.220 0.002 air
#box: 0.427 0.124 0.000 0.431 0.220 0.002 air
#box: 0.581 0.188 0.000 0.588 0.247 0.002 air
#box: 1.026 0.187 0.000 1.039 0.220 0.002 air
#box: 1.243 0.212 0.000 1.257 0.235 0.002 air
#box: 1.436 0.202 0.000 1.447 0.242 0.002 air
#box: 1.823 0.160 0.000 1.840 0.245 0.002 air
#box: 1.937 0.215 0.000 1.945 0.249 0.002 air
#box: 2.120 0.150 0.000 2.135 0.217 0.002 air
#box: 2.468 0.187 0.000 2.471 0.238 0.002 air
#box: 2.786 0.114 0.000 2.794 0.249 0.002 air
#box: 3.156 0.187 0.000 3.169 0.197 0.002 air
#box: 3.570 0.187 0.000 3.588 0.197 0.002 air
#box: 3.752 0.206 0.000 3.768 0.246 0.002 air
#box: 4.223 0.103 0.000 4.240 0.205 0.002 air
#box: 4.362 0.207 0.000 4.376 0.227 0.002 air
#box: 4.731 0.167 0.000 4.733 0.216 0.002 air
#box: 5.053 0.171 0.000 5.062 0.242 0.002 air
#box: 5.519 0.188 0.000 5.526 0.220 0.002 air
#box: 5.621 0.101 0.000 5.627 0.138 0.002 air
#box: 6.066 0.118 0.000 6.083 0.144 0.002 air
#box: 6.360 0.116 0.000 6.372 0.170 0.002 air
#box: 6.641 0.226 0.000 6.644 0.245 0.002 air
#box: 7.033 0.118 0.000 7.044 0.223 0.002 air
#box: 7.274 0.182 0.000 7.280 0.201 0.002 air
#box: 7.712 0.110 0.000 7.716 0.187 0.002 air
#box: 8.131 0.187 0.000 8.140 0.246 0.002 air
#box: 8.292 0.207 0.000 8.304 0.223 0.002 air
#box: 8.412 0.111 0.000 8.423 0.250 0.002 air
#box: 8.619 0.120 0.000 8.634 0.196 0.002 air
#box: 9.062 0.190 0.000 9.065 0.242 0.002 air
#box: 9.242 0.147 0.000 9.249 0.220 0.002 air
#box: 9.637 0.202 0.000 9.655 0.208 0.002 air
#box: 9.995 0.144 0.000 9.998 0.212 0.002 air
