testingplz 
#domain: 10.200 0.300 0.002 
#dx_dy_dz: 0.002 0.002 0.002 
#time_window: 5.000000e-09 

#excitation_file: mala_source_modified.txt 
#hertzian_dipole: z 0.080 0.250 0 mala_source 
#rx: 0.120 0.250 0.000 
#src_steps: 0.002 0.000 0.000 
#rx_steps: 0.002 0.000 0.000 

#material: 5.000 0.220 1.000 0.000 concrete
#material: 10000000.000 10000000.000 100.000 0.000 rebar
#material: 1.000 0.000 1.000 0.000 air
#material: 80.000 0.500 1.000 0.000 water

#box: 0.000 0.000 0.000 10.200 0.250 0.002 concrete

#box: 0.190 0.144 0.000 0.199 0.219 0.002 air
#box: 0.491 0.222 0.000 0.499 0.250 0.002 air
#box: 0.841 0.197 0.000 0.847 0.222 0.002 air
#box: 0.998 0.165 0.000 1.006 0.210 0.002 air
#box: 1.450 0.157 0.000 1.455 0.246 0.002 air
#box: 1.913 0.201 0.000 1.918 0.248 0.002 air
#box: 2.178 0.145 0.000 2.198 0.168 0.002 air
#box: 2.615 0.129 0.000 2.623 0.191 0.002 air
#box: 3.037 0.146 0.000 3.055 0.244 0.002 air
#box: 3.224 0.146 0.000 3.228 0.176 0.002 air
#box: 3.367 0.103 0.000 3.376 0.250 0.002 air
#box: 3.565 0.159 0.000 3.569 0.235 0.002 air
#box: 4.035 0.099 0.000 4.039 0.209 0.002 air
#box: 4.533 0.124 0.000 4.547 0.142 0.002 air
#box: 4.983 0.137 0.000 4.996 0.235 0.002 air
#box: 5.205 0.218 0.000 5.209 0.240 0.002 air
#box: 5.537 0.150 0.000 5.550 0.240 0.002 air
#box: 6.014 0.143 0.000 6.018 0.165 0.002 air
#box: 6.213 0.177 0.000 6.223 0.224 0.002 air
#box: 6.350 0.170 0.000 6.355 0.241 0.002 air
#box: 6.707 0.193 0.000 6.722 0.221 0.002 air
#box: 6.913 0.194 0.000 6.932 0.228 0.002 air
#box: 7.383 0.185 0.000 7.402 0.217 0.002 air
#box: 7.496 0.203 0.000 7.498 0.242 0.002 air
#box: 7.754 0.167 0.000 7.759 0.235 0.002 air
#box: 8.015 0.190 0.000 8.026 0.197 0.002 air
#box: 8.226 0.186 0.000 8.232 0.188 0.002 air
#box: 8.351 0.189 0.000 8.361 0.191 0.002 air
#box: 8.840 0.130 0.000 8.855 0.137 0.002 air
#box: 9.167 0.211 0.000 9.187 0.232 0.002 air
#box: 9.632 0.114 0.000 9.645 0.151 0.002 air
