testingplz 
#domain: 10.200 0.300 0.002 
#dx_dy_dz: 0.002 0.002 0.002 
#time_window: 5.000000e-09 

#excitation_file: mala_source_modified.txt 
#hertzian_dipole: z 0.080 0.250 0 mala_source 
#rx: 0.120 0.250 0.000 
#src_steps: 0.002 0.000 0.000 
#rx_steps: 0.002 0.000 0.000 

#material: 5.000 0.220 1.000 0.000 concrete
#material: 10000000.000 10000000.000 100.000 0.000 rebar
#material: 1.000 0.000 1.000 0.000 air
#material: 80.000 0.500 1.000 0.000 water

#box: 0.000 0.000 0.000 10.200 0.250 0.002 concrete

#box: 0.365 0.107 0.000 0.368 0.111 0.002 air
#box: 0.558 0.166 0.000 0.565 0.238 0.002 air
#box: 0.825 0.216 0.000 0.845 0.227 0.002 air
#box: 1.223 0.101 0.000 1.236 0.231 0.002 air
#box: 1.507 0.182 0.000 1.511 0.230 0.002 air
#box: 1.635 0.178 0.000 1.649 0.244 0.002 air
#box: 1.795 0.143 0.000 1.797 0.237 0.002 air
#box: 2.155 0.204 0.000 2.168 0.244 0.002 air
#box: 2.637 0.159 0.000 2.648 0.215 0.002 air
#box: 2.738 0.132 0.000 2.744 0.246 0.002 air
#box: 3.084 0.180 0.000 3.096 0.235 0.002 air
#box: 3.529 0.122 0.000 3.531 0.134 0.002 air
#box: 3.859 0.127 0.000 3.879 0.162 0.002 air
#box: 4.056 0.218 0.000 4.069 0.250 0.002 air
#box: 4.163 0.200 0.000 4.178 0.234 0.002 air
#box: 4.324 0.211 0.000 4.341 0.214 0.002 air
#box: 4.760 0.218 0.000 4.766 0.231 0.002 air
#box: 5.180 0.174 0.000 5.193 0.181 0.002 air
#box: 5.662 0.178 0.000 5.672 0.205 0.002 air
#box: 5.840 0.199 0.000 5.854 0.213 0.002 air
#box: 6.168 0.191 0.000 6.182 0.213 0.002 air
#box: 6.412 0.107 0.000 6.418 0.187 0.002 air
#box: 6.684 0.196 0.000 6.695 0.200 0.002 air
#box: 6.891 0.202 0.000 6.902 0.205 0.002 air
#box: 7.293 0.151 0.000 7.304 0.232 0.002 air
#box: 7.766 0.118 0.000 7.776 0.147 0.002 air
#box: 7.937 0.157 0.000 7.948 0.242 0.002 air
#box: 8.355 0.219 0.000 8.365 0.241 0.002 air
#box: 8.727 0.117 0.000 8.734 0.194 0.002 air
#box: 8.953 0.216 0.000 8.973 0.223 0.002 air
#box: 9.271 0.121 0.000 9.273 0.230 0.002 air
#box: 9.387 0.155 0.000 9.389 0.193 0.002 air
#box: 9.617 0.135 0.000 9.637 0.156 0.002 air
#box: 9.734 0.183 0.000 9.749 0.202 0.002 air
#box: 9.975 0.171 0.000 9.979 0.203 0.002 air
