testingplz 
#domain: 10.200 0.300 0.002 
#dx_dy_dz: 0.002 0.002 0.002 
#time_window: 5.000000e-09 

#excitation_file: mala_source_modified.txt 
#hertzian_dipole: z 0.080 0.250 0 mala_source 
#rx: 0.120 0.250 0.000 
#src_steps: 0.002 0.000 0.000 
#rx_steps: 0.002 0.000 0.000 

#material: 5.000 0.220 1.000 0.000 concrete
#material: 10000000.000 10000000.000 100.000 0.000 rebar
#material: 1.000 0.000 1.000 0.000 air
#material: 80.000 0.500 1.000 0.000 water

#box: 0.000 0.000 0.000 10.200 0.250 0.002 concrete

#box: 0.355 0.225 0.000 0.366 0.233 0.002 air
#box: 0.728 0.144 0.000 0.745 0.224 0.002 air
#box: 1.039 0.205 0.000 1.052 0.243 0.002 air
#box: 1.511 0.162 0.000 1.524 0.192 0.002 air
#box: 1.658 0.199 0.000 1.662 0.238 0.002 air
#box: 1.887 0.107 0.000 1.895 0.160 0.002 air
#box: 2.272 0.116 0.000 2.284 0.185 0.002 air
#box: 2.385 0.115 0.000 2.401 0.243 0.002 air
#box: 2.730 0.124 0.000 2.732 0.214 0.002 air
#box: 3.065 0.127 0.000 3.076 0.171 0.002 air
#box: 3.381 0.177 0.000 3.393 0.229 0.002 air
#box: 3.554 0.130 0.000 3.560 0.173 0.002 air
#box: 3.794 0.153 0.000 3.800 0.242 0.002 air
#box: 3.898 0.165 0.000 3.915 0.172 0.002 air
#box: 4.022 0.207 0.000 4.032 0.222 0.002 air
#box: 4.211 0.177 0.000 4.221 0.235 0.002 air
#box: 4.371 0.125 0.000 4.373 0.172 0.002 air
#box: 4.663 0.112 0.000 4.665 0.165 0.002 air
#box: 5.083 0.118 0.000 5.097 0.209 0.002 air
#box: 5.466 0.111 0.000 5.478 0.129 0.002 air
#box: 5.808 0.131 0.000 5.817 0.200 0.002 air
#box: 5.999 0.115 0.000 6.011 0.229 0.002 air
#box: 6.257 0.168 0.000 6.276 0.216 0.002 air
#box: 6.741 0.121 0.000 6.752 0.152 0.002 air
#box: 6.925 0.173 0.000 6.931 0.224 0.002 air
#box: 7.401 0.212 0.000 7.420 0.220 0.002 air
#box: 7.872 0.212 0.000 7.884 0.222 0.002 air
#box: 7.997 0.117 0.000 8.011 0.130 0.002 air
#box: 8.491 0.115 0.000 8.503 0.196 0.002 air
#box: 8.714 0.135 0.000 8.718 0.213 0.002 air
#box: 8.881 0.204 0.000 8.900 0.245 0.002 air
#box: 9.050 0.113 0.000 9.062 0.159 0.002 air
#box: 9.332 0.217 0.000 9.351 0.249 0.002 air
#box: 9.539 0.098 0.000 9.549 0.224 0.002 air
#box: 9.709 0.189 0.000 9.717 0.250 0.002 air
#box: 9.922 0.129 0.000 9.925 0.206 0.002 air
#cylinder: 0.112 0.117 0.000 0.112 0.117 0.002 0.008 pec
#cylinder: 0.339 0.203 0.000 0.339 0.203 0.002 0.005 pec
#cylinder: 0.491 0.147 0.000 0.491 0.147 0.002 0.006 pec
#cylinder: 0.677 0.196 0.000 0.677 0.196 0.002 0.008 pec
#cylinder: 0.928 0.134 0.000 0.928 0.134 0.002 0.010 pec
#cylinder: 1.127 0.150 0.000 1.127 0.150 0.002 0.009 pec
#cylinder: 1.393 0.123 0.000 1.393 0.123 0.002 0.010 pec
#cylinder: 1.675 0.191 0.000 1.675 0.191 0.002 0.006 pec
#cylinder: 1.876 0.152 0.000 1.876 0.152 0.002 0.007 pec
#cylinder: 1.996 0.101 0.000 1.996 0.101 0.002 0.006 pec
#cylinder: 2.278 0.141 0.000 2.278 0.141 0.002 0.005 pec
#cylinder: 2.426 0.164 0.000 2.426 0.164 0.002 0.007 pec
#cylinder: 2.571 0.181 0.000 2.571 0.181 0.002 0.005 pec
#cylinder: 2.845 0.208 0.000 2.845 0.208 0.002 0.007 pec
#cylinder: 3.011 0.174 0.000 3.011 0.174 0.002 0.008 pec
#cylinder: 3.298 0.106 0.000 3.298 0.106 0.002 0.007 pec
#cylinder: 3.514 0.165 0.000 3.514 0.165 0.002 0.005 pec
#cylinder: 3.706 0.204 0.000 3.706 0.204 0.002 0.009 pec
#cylinder: 3.922 0.191 0.000 3.922 0.191 0.002 0.006 pec
#cylinder: 4.104 0.176 0.000 4.104 0.176 0.002 0.009 pec
#cylinder: 4.280 0.145 0.000 4.280 0.145 0.002 0.006 pec
#cylinder: 4.567 0.146 0.000 4.567 0.146 0.002 0.005 pec
#cylinder: 4.724 0.123 0.000 4.724 0.123 0.002 0.009 pec
#cylinder: 4.887 0.180 0.000 4.887 0.180 0.002 0.007 pec
#cylinder: 5.155 0.193 0.000 5.155 0.193 0.002 0.009 pec
#cylinder: 5.335 0.138 0.000 5.335 0.138 0.002 0.009 pec
#cylinder: 5.458 0.180 0.000 5.458 0.180 0.002 0.009 pec
#cylinder: 5.602 0.172 0.000 5.602 0.172 0.002 0.009 pec
#cylinder: 5.702 0.118 0.000 5.702 0.118 0.002 0.008 pec
#cylinder: 5.932 0.113 0.000 5.932 0.113 0.002 0.008 pec
#cylinder: 6.117 0.153 0.000 6.117 0.153 0.002 0.009 pec
#cylinder: 6.333 0.205 0.000 6.333 0.205 0.002 0.008 pec
#cylinder: 6.439 0.133 0.000 6.439 0.133 0.002 0.009 pec
#cylinder: 6.633 0.201 0.000 6.633 0.201 0.002 0.007 pec
#cylinder: 6.900 0.117 0.000 6.900 0.117 0.002 0.009 pec
#cylinder: 7.167 0.137 0.000 7.167 0.137 0.002 0.009 pec
#cylinder: 7.366 0.220 0.000 7.366 0.220 0.002 0.009 pec
#cylinder: 7.542 0.214 0.000 7.542 0.214 0.002 0.009 pec
#cylinder: 7.816 0.181 0.000 7.816 0.181 0.002 0.005 pec
#cylinder: 8.114 0.207 0.000 8.114 0.207 0.002 0.009 pec
#cylinder: 8.381 0.142 0.000 8.381 0.142 0.002 0.008 pec
#cylinder: 8.591 0.155 0.000 8.591 0.155 0.002 0.005 pec
#cylinder: 8.871 0.142 0.000 8.871 0.142 0.002 0.006 pec
#cylinder: 9.164 0.202 0.000 9.164 0.202 0.002 0.010 pec
#cylinder: 9.311 0.188 0.000 9.311 0.188 0.002 0.008 pec
#cylinder: 9.560 0.152 0.000 9.560 0.152 0.002 0.007 pec
#cylinder: 9.661 0.216 0.000 9.661 0.216 0.002 0.006 pec
#cylinder: 9.805 0.194 0.000 9.805 0.194 0.002 0.007 pec
#cylinder: 10.040 0.170 0.000 10.040 0.170 0.002 0.005 pec
