testingplz 
#domain: 10.200 0.300 0.002 
#dx_dy_dz: 0.002 0.002 0.002 
#time_window: 5.000000e-09 

#excitation_file: mala_source_modified.txt 
#hertzian_dipole: z 0.080 0.250 0 mala_source 
#rx: 0.120 0.250 0.000 
#src_steps: 0.002 0.000 0.000 
#rx_steps: 0.002 0.000 0.000 

#material: 5.000 0.220 1.000 0.000 concrete
#material: 10000000.000 10000000.000 100.000 0.000 rebar
#material: 1.000 0.000 1.000 0.000 air
#material: 80.000 0.500 1.000 0.000 water

#box: 0.000 0.000 0.000 10.200 0.250 0.002 concrete

#box: 0.358 0.108 0.000 0.380 0.207 0.002 water
#box: 0.726 0.110 0.000 0.748 0.210 0.002 water
#box: 0.923 0.145 0.000 0.935 0.166 0.002 water
#box: 1.422 0.198 0.000 1.480 0.206 0.002 water
#box: 1.797 0.143 0.000 1.832 0.190 0.002 water
#box: 2.204 0.135 0.000 2.218 0.156 0.002 water
#box: 2.485 0.112 0.000 2.552 0.173 0.002 water
#box: 2.730 0.198 0.000 2.791 0.214 0.002 water
#box: 2.882 0.177 0.000 2.917 0.214 0.002 water
#box: 3.278 0.136 0.000 3.351 0.156 0.002 water
#box: 3.658 0.151 0.000 3.722 0.166 0.002 water
#box: 4.055 0.137 0.000 4.126 0.170 0.002 water
#box: 4.376 0.132 0.000 4.456 0.164 0.002 water
#box: 4.670 0.100 0.000 4.723 0.190 0.002 water
#box: 5.158 0.145 0.000 5.188 0.159 0.002 water
#box: 5.621 0.103 0.000 5.652 0.165 0.002 water
#box: 6.090 0.193 0.000 6.125 0.220 0.002 water
#box: 6.573 0.160 0.000 6.647 0.198 0.002 water
#box: 6.710 0.176 0.000 6.763 0.214 0.002 water
#box: 6.922 0.141 0.000 6.995 0.202 0.002 water
#box: 7.291 0.110 0.000 7.324 0.113 0.002 water
#box: 7.591 0.170 0.000 7.668 0.178 0.002 water
#box: 7.787 0.188 0.000 7.799 0.205 0.002 water
#box: 8.202 0.110 0.000 8.271 0.210 0.002 water
#box: 8.576 0.120 0.000 8.603 0.208 0.002 water
#box: 8.698 0.115 0.000 8.724 0.164 0.002 water
#box: 8.809 0.167 0.000 8.832 0.186 0.002 water
#box: 9.094 0.117 0.000 9.109 0.155 0.002 water
#box: 9.372 0.156 0.000 9.449 0.197 0.002 water
#box: 9.808 0.170 0.000 9.843 0.203 0.002 water
#box: 10.056 0.163 0.000 10.135 0.193 0.002 water
