testingplz 
#domain: 10.200 0.300 0.002 
#dx_dy_dz: 0.002 0.002 0.002 
#time_window: 5.000000e-09 

#excitation_file: mala_source_modified.txt 
#hertzian_dipole: z 0.080 0.250 0 mala_source 
#rx: 0.120 0.250 0.000 
#src_steps: 0.002 0.000 0.000 
#rx_steps: 0.002 0.000 0.000 

#material: 5.000 0.220 1.000 0.000 concrete
#material: 10000000.000 10000000.000 100.000 0.000 rebar
#material: 1.000 0.000 1.000 0.000 air
#material: 80.000 0.500 1.000 0.000 water

#box: 0.000 0.000 0.000 10.200 0.250 0.002 concrete

#box: 0.386 0.142 0.000 0.434 0.173 0.002 water
#box: 0.545 0.138 0.000 0.605 0.178 0.002 water
#box: 1.016 0.187 0.000 1.075 0.195 0.002 water
#box: 1.223 0.189 0.000 1.266 0.213 0.002 water
#box: 1.343 0.165 0.000 1.391 0.192 0.002 water
#box: 1.744 0.151 0.000 1.767 0.162 0.002 water
#box: 1.874 0.116 0.000 1.913 0.212 0.002 water
#box: 2.047 0.149 0.000 2.066 0.165 0.002 water
#box: 2.521 0.195 0.000 2.600 0.207 0.002 water
#box: 3.016 0.143 0.000 3.031 0.201 0.002 water
#box: 3.483 0.144 0.000 3.515 0.203 0.002 water
#box: 3.692 0.104 0.000 3.717 0.187 0.002 water
#box: 4.047 0.179 0.000 4.123 0.218 0.002 water
#box: 4.485 0.151 0.000 4.558 0.220 0.002 water
#box: 4.831 0.144 0.000 4.897 0.216 0.002 water
#box: 5.317 0.169 0.000 5.372 0.189 0.002 water
#box: 5.577 0.159 0.000 5.603 0.166 0.002 water
#box: 5.888 0.130 0.000 5.920 0.193 0.002 water
#box: 6.352 0.198 0.000 6.389 0.201 0.002 water
#box: 6.579 0.195 0.000 6.646 0.211 0.002 water
#box: 6.686 0.157 0.000 6.725 0.169 0.002 water
#box: 7.103 0.140 0.000 7.159 0.168 0.002 water
#box: 7.280 0.123 0.000 7.299 0.186 0.002 water
#box: 7.707 0.176 0.000 7.753 0.192 0.002 water
#box: 8.200 0.116 0.000 8.258 0.203 0.002 water
#box: 8.414 0.190 0.000 8.429 0.214 0.002 water
#box: 8.715 0.142 0.000 8.762 0.166 0.002 water
#box: 9.042 0.110 0.000 9.101 0.125 0.002 water
#box: 9.393 0.176 0.000 9.416 0.214 0.002 water
#box: 9.786 0.159 0.000 9.852 0.174 0.002 water
#box: 9.971 0.185 0.000 10.003 0.189 0.002 water
#cylinder: 0.236 0.118 0.000 0.236 0.118 0.002 0.009 pec
#cylinder: 0.506 0.140 0.000 0.506 0.140 0.002 0.006 pec
#cylinder: 0.740 0.156 0.000 0.740 0.156 0.002 0.007 pec
#cylinder: 0.926 0.171 0.000 0.926 0.171 0.002 0.010 pec
#cylinder: 1.109 0.116 0.000 1.109 0.116 0.002 0.006 pec
#cylinder: 1.211 0.205 0.000 1.211 0.205 0.002 0.009 pec
#cylinder: 1.355 0.108 0.000 1.355 0.108 0.002 0.006 pec
#cylinder: 1.462 0.176 0.000 1.462 0.176 0.002 0.009 pec
#cylinder: 1.737 0.205 0.000 1.737 0.205 0.002 0.006 pec
#cylinder: 2.031 0.136 0.000 2.031 0.136 0.002 0.006 pec
#cylinder: 2.161 0.162 0.000 2.161 0.162 0.002 0.009 pec
#cylinder: 2.366 0.160 0.000 2.366 0.160 0.002 0.005 pec
#cylinder: 2.481 0.147 0.000 2.481 0.147 0.002 0.007 pec
#cylinder: 2.779 0.116 0.000 2.779 0.116 0.002 0.007 pec
#cylinder: 2.946 0.102 0.000 2.946 0.102 0.002 0.010 pec
#cylinder: 3.226 0.107 0.000 3.226 0.107 0.002 0.005 pec
#cylinder: 3.356 0.208 0.000 3.356 0.208 0.002 0.006 pec
#cylinder: 3.625 0.180 0.000 3.625 0.180 0.002 0.009 pec
#cylinder: 3.896 0.133 0.000 3.896 0.133 0.002 0.009 pec
#cylinder: 4.106 0.155 0.000 4.106 0.155 0.002 0.005 pec
#cylinder: 4.335 0.194 0.000 4.335 0.194 0.002 0.009 pec
#cylinder: 4.459 0.180 0.000 4.459 0.180 0.002 0.006 pec
#cylinder: 4.700 0.162 0.000 4.700 0.162 0.002 0.006 pec
#cylinder: 4.935 0.156 0.000 4.935 0.156 0.002 0.007 pec
#cylinder: 5.143 0.217 0.000 5.143 0.217 0.002 0.007 pec
#cylinder: 5.402 0.183 0.000 5.402 0.183 0.002 0.009 pec
#cylinder: 5.669 0.165 0.000 5.669 0.165 0.002 0.007 pec
#cylinder: 5.905 0.151 0.000 5.905 0.151 0.002 0.007 pec
#cylinder: 6.199 0.208 0.000 6.199 0.208 0.002 0.010 pec
#cylinder: 6.306 0.206 0.000 6.306 0.206 0.002 0.010 pec
#cylinder: 6.507 0.132 0.000 6.507 0.132 0.002 0.009 pec
#cylinder: 6.607 0.104 0.000 6.607 0.104 0.002 0.008 pec
#cylinder: 6.870 0.142 0.000 6.870 0.142 0.002 0.009 pec
#cylinder: 7.038 0.155 0.000 7.038 0.155 0.002 0.008 pec
#cylinder: 7.236 0.217 0.000 7.236 0.217 0.002 0.006 pec
#cylinder: 7.458 0.202 0.000 7.458 0.202 0.002 0.005 pec
#cylinder: 7.620 0.202 0.000 7.620 0.202 0.002 0.009 pec
#cylinder: 7.843 0.171 0.000 7.843 0.171 0.002 0.005 pec
#cylinder: 7.967 0.198 0.000 7.967 0.198 0.002 0.006 pec
#cylinder: 8.137 0.160 0.000 8.137 0.160 0.002 0.005 pec
#cylinder: 8.424 0.109 0.000 8.424 0.109 0.002 0.010 pec
#cylinder: 8.605 0.177 0.000 8.605 0.177 0.002 0.007 pec
#cylinder: 8.789 0.108 0.000 8.789 0.108 0.002 0.007 pec
#cylinder: 8.971 0.128 0.000 8.971 0.128 0.002 0.007 pec
#cylinder: 9.117 0.142 0.000 9.117 0.142 0.002 0.009 pec
#cylinder: 9.321 0.141 0.000 9.321 0.141 0.002 0.009 pec
#cylinder: 9.530 0.102 0.000 9.530 0.102 0.002 0.005 pec
#cylinder: 9.743 0.195 0.000 9.743 0.195 0.002 0.009 pec
#cylinder: 9.860 0.161 0.000 9.860 0.161 0.002 0.006 pec
