testingplz 
#domain: 10.200 0.300 0.002 
#dx_dy_dz: 0.002 0.002 0.002 
#time_window: 5.000000e-09 

#excitation_file: mala_source_modified.txt 
#hertzian_dipole: z 0.080 0.250 0 mala_source 
#rx: 0.120 0.250 0.000 
#src_steps: 0.002 0.000 0.000 
#rx_steps: 0.002 0.000 0.000 

#material: 5.000 0.220 1.000 0.000 concrete
#material: 10000000.000 10000000.000 100.000 0.000 rebar
#material: 1.000 0.000 1.000 0.000 air
#material: 80.000 0.500 1.000 0.000 water

#box: 0.000 0.000 0.000 10.200 0.250 0.002 concrete

#box: 0.463 0.172 0.000 0.512 0.194 0.002 water
#box: 0.597 0.174 0.000 0.629 0.178 0.002 water
#box: 1.042 0.156 0.000 1.055 0.160 0.002 water
#box: 1.241 0.139 0.000 1.287 0.191 0.002 water
#box: 1.659 0.158 0.000 1.699 0.220 0.002 water
#box: 1.884 0.176 0.000 1.908 0.187 0.002 water
#box: 2.328 0.140 0.000 2.374 0.216 0.002 water
#box: 2.471 0.200 0.000 2.525 0.208 0.002 water
#box: 2.722 0.109 0.000 2.799 0.131 0.002 water
#box: 3.037 0.119 0.000 3.089 0.168 0.002 water
#box: 3.229 0.183 0.000 3.269 0.191 0.002 water
#box: 3.643 0.187 0.000 3.698 0.201 0.002 water
#box: 4.143 0.164 0.000 4.219 0.218 0.002 water
#box: 4.483 0.194 0.000 4.495 0.211 0.002 water
#box: 4.965 0.165 0.000 5.000 0.201 0.002 water
#box: 5.105 0.123 0.000 5.157 0.218 0.002 water
#box: 5.340 0.124 0.000 5.384 0.159 0.002 water
#box: 5.657 0.180 0.000 5.719 0.201 0.002 water
#box: 5.767 0.131 0.000 5.821 0.191 0.002 water
#box: 5.883 0.137 0.000 5.913 0.162 0.002 water
#box: 6.152 0.163 0.000 6.171 0.178 0.002 water
#box: 6.366 0.190 0.000 6.431 0.205 0.002 water
#box: 6.556 0.104 0.000 6.608 0.157 0.002 water
#box: 6.711 0.125 0.000 6.742 0.165 0.002 water
#box: 7.005 0.104 0.000 7.033 0.209 0.002 water
#box: 7.355 0.115 0.000 7.368 0.122 0.002 water
#box: 7.760 0.167 0.000 7.816 0.185 0.002 water
#box: 7.963 0.180 0.000 8.016 0.214 0.002 water
#box: 8.388 0.110 0.000 8.405 0.142 0.002 water
#box: 8.709 0.121 0.000 8.772 0.215 0.002 water
#box: 9.180 0.193 0.000 9.246 0.198 0.002 water
#box: 9.591 0.198 0.000 9.652 0.202 0.002 water
#box: 9.951 0.160 0.000 10.020 0.166 0.002 water
