testingplz 
#domain: 10.200 0.300 0.002 
#dx_dy_dz: 0.002 0.002 0.002 
#time_window: 5.000000e-09 

#excitation_file: mala_source_modified.txt 
#hertzian_dipole: z 0.080 0.250 0 mala_source 
#rx: 0.120 0.250 0.000 
#src_steps: 0.002 0.000 0.000 
#rx_steps: 0.002 0.000 0.000 

#material: 5.000 0.220 1.000 0.000 concrete
#material: 10000000.000 10000000.000 100.000 0.000 rebar
#material: 1.000 0.000 1.000 0.000 air
#material: 80.000 0.500 1.000 0.000 water

#box: 0.000 0.000 0.000 10.200 0.250 0.002 concrete

#box: 0.407 0.103 0.000 0.458 0.175 0.002 water
#box: 0.826 0.199 0.000 0.869 0.219 0.002 water
#box: 1.200 0.114 0.000 1.263 0.149 0.002 water
#box: 1.597 0.117 0.000 1.668 0.118 0.002 water
#box: 1.926 0.178 0.000 1.940 0.190 0.002 water
#box: 2.159 0.111 0.000 2.216 0.179 0.002 water
#box: 2.597 0.103 0.000 2.614 0.172 0.002 water
#box: 2.704 0.121 0.000 2.724 0.159 0.002 water
#box: 3.116 0.183 0.000 3.153 0.189 0.002 water
#box: 3.329 0.192 0.000 3.397 0.203 0.002 water
#box: 3.480 0.170 0.000 3.509 0.209 0.002 water
#box: 3.791 0.189 0.000 3.804 0.203 0.002 water
#box: 4.158 0.103 0.000 4.226 0.159 0.002 water
#box: 4.375 0.183 0.000 4.385 0.202 0.002 water
#box: 4.576 0.140 0.000 4.616 0.210 0.002 water
#box: 4.964 0.104 0.000 5.010 0.183 0.002 water
#box: 5.138 0.154 0.000 5.159 0.203 0.002 water
#box: 5.384 0.183 0.000 5.432 0.183 0.002 water
#box: 5.621 0.114 0.000 5.653 0.219 0.002 water
#box: 5.996 0.142 0.000 6.032 0.158 0.002 water
#box: 6.395 0.152 0.000 6.424 0.220 0.002 water
#box: 6.866 0.125 0.000 6.941 0.182 0.002 water
#box: 7.149 0.141 0.000 7.181 0.210 0.002 water
#box: 7.416 0.126 0.000 7.439 0.208 0.002 water
#box: 7.787 0.168 0.000 7.815 0.186 0.002 water
#box: 7.965 0.156 0.000 8.000 0.163 0.002 water
#box: 8.101 0.174 0.000 8.132 0.216 0.002 water
#box: 8.280 0.167 0.000 8.347 0.196 0.002 water
#box: 8.425 0.189 0.000 8.501 0.213 0.002 water
#box: 8.588 0.107 0.000 8.602 0.186 0.002 water
#box: 8.977 0.118 0.000 8.991 0.138 0.002 water
#box: 9.349 0.113 0.000 9.417 0.139 0.002 water
#box: 9.806 0.107 0.000 9.840 0.185 0.002 water
#box: 9.923 0.189 0.000 9.985 0.211 0.002 water
