testingplz 
#domain: 10.200 0.300 0.002 
#dx_dy_dz: 0.002 0.002 0.002 
#time_window: 5.000000e-09 

#excitation_file: mala_source_modified.txt 
#hertzian_dipole: z 0.080 0.250 0 mala_source 
#rx: 0.120 0.250 0.000 
#src_steps: 0.002 0.000 0.000 
#rx_steps: 0.002 0.000 0.000 

#material: 5.000 0.220 1.000 0.000 concrete
#material: 10000000.000 10000000.000 100.000 0.000 rebar
#material: 1.000 0.000 1.000 0.000 air
#material: 80.000 0.500 1.000 0.000 water

#box: 0.000 0.000 0.000 10.200 0.250 0.002 concrete

#box: 0.262 0.149 0.000 0.318 0.193 0.002 water
#box: 0.460 0.146 0.000 0.527 0.173 0.002 water
#box: 0.677 0.198 0.000 0.755 0.213 0.002 water
#box: 1.138 0.163 0.000 1.196 0.204 0.002 water
#box: 1.625 0.100 0.000 1.654 0.125 0.002 water
#box: 2.110 0.111 0.000 2.131 0.137 0.002 water
#box: 2.610 0.191 0.000 2.689 0.207 0.002 water
#box: 2.736 0.148 0.000 2.775 0.159 0.002 water
#box: 2.990 0.106 0.000 3.027 0.177 0.002 water
#box: 3.453 0.152 0.000 3.490 0.192 0.002 water
#box: 3.870 0.173 0.000 3.908 0.197 0.002 water
#box: 4.337 0.169 0.000 4.355 0.185 0.002 water
#box: 4.599 0.176 0.000 4.632 0.177 0.002 water
#box: 4.751 0.193 0.000 4.789 0.206 0.002 water
#box: 4.967 0.148 0.000 5.047 0.192 0.002 water
#box: 5.353 0.104 0.000 5.413 0.170 0.002 water
#box: 5.847 0.169 0.000 5.892 0.219 0.002 water
#box: 6.219 0.200 0.000 6.240 0.218 0.002 water
#box: 6.662 0.107 0.000 6.712 0.173 0.002 water
#box: 7.083 0.172 0.000 7.144 0.179 0.002 water
#box: 7.226 0.133 0.000 7.254 0.153 0.002 water
#box: 7.376 0.176 0.000 7.406 0.207 0.002 water
#box: 7.648 0.179 0.000 7.718 0.208 0.002 water
#box: 7.977 0.156 0.000 8.001 0.204 0.002 water
#box: 8.262 0.168 0.000 8.297 0.183 0.002 water
#box: 8.451 0.113 0.000 8.494 0.173 0.002 water
#box: 8.715 0.124 0.000 8.766 0.198 0.002 water
#box: 9.146 0.184 0.000 9.212 0.195 0.002 water
#box: 9.631 0.189 0.000 9.653 0.214 0.002 water
#box: 9.844 0.107 0.000 9.885 0.119 0.002 water
#box: 10.003 0.127 0.000 10.075 0.173 0.002 water
