testingplz 
#domain: 10.200 0.300 0.002 
#dx_dy_dz: 0.002 0.002 0.002 
#time_window: 5.000000e-09 

#excitation_file: mala_source_modified.txt 
#hertzian_dipole: z 0.080 0.250 0 mala_source 
#rx: 0.120 0.250 0.000 
#src_steps: 0.002 0.000 0.000 
#rx_steps: 0.002 0.000 0.000 

#material: 5.000 0.220 1.000 0.000 concrete
#material: 10000000.000 10000000.000 100.000 0.000 rebar
#material: 1.000 0.000 1.000 0.000 air
#material: 80.000 0.500 1.000 0.000 water

#box: 0.000 0.000 0.000 10.200 0.250 0.002 concrete

#box: 0.491 0.102 0.000 0.566 0.105 0.002 water
#box: 0.792 0.125 0.000 0.857 0.207 0.002 water
#box: 1.011 0.126 0.000 1.044 0.196 0.002 water
#box: 1.366 0.121 0.000 1.400 0.139 0.002 water
#box: 1.470 0.189 0.000 1.488 0.206 0.002 water
#box: 1.881 0.174 0.000 1.899 0.178 0.002 water
#box: 1.985 0.126 0.000 2.061 0.141 0.002 water
#box: 2.249 0.191 0.000 2.279 0.195 0.002 water
#box: 2.476 0.193 0.000 2.538 0.209 0.002 water
#box: 2.898 0.119 0.000 2.973 0.156 0.002 water
#box: 3.277 0.172 0.000 3.289 0.184 0.002 water
#box: 3.724 0.152 0.000 3.754 0.202 0.002 water
#box: 4.029 0.194 0.000 4.099 0.199 0.002 water
#box: 4.174 0.186 0.000 4.197 0.202 0.002 water
#box: 4.384 0.196 0.000 4.433 0.210 0.002 water
#box: 4.521 0.121 0.000 4.553 0.126 0.002 water
#box: 4.996 0.110 0.000 5.061 0.159 0.002 water
#box: 5.331 0.108 0.000 5.352 0.217 0.002 water
#box: 5.671 0.111 0.000 5.689 0.118 0.002 water
#box: 6.100 0.159 0.000 6.169 0.176 0.002 water
#box: 6.508 0.130 0.000 6.523 0.209 0.002 water
#box: 6.723 0.169 0.000 6.754 0.186 0.002 water
#box: 7.146 0.107 0.000 7.217 0.130 0.002 water
#box: 7.263 0.161 0.000 7.297 0.209 0.002 water
#box: 7.583 0.185 0.000 7.605 0.198 0.002 water
#box: 7.960 0.141 0.000 8.035 0.173 0.002 water
#box: 8.186 0.150 0.000 8.211 0.210 0.002 water
#box: 8.369 0.143 0.000 8.382 0.187 0.002 water
#box: 8.504 0.141 0.000 8.569 0.198 0.002 water
#box: 8.983 0.147 0.000 9.003 0.205 0.002 water
#box: 9.195 0.131 0.000 9.225 0.198 0.002 water
#box: 9.349 0.114 0.000 9.428 0.202 0.002 water
#box: 9.766 0.178 0.000 9.842 0.207 0.002 water
#box: 10.001 0.197 0.000 10.023 0.209 0.002 water
#cylinder: 0.290 0.137 0.000 0.290 0.137 0.002 0.005 pec
#cylinder: 0.426 0.136 0.000 0.426 0.136 0.002 0.005 pec
#cylinder: 0.572 0.208 0.000 0.572 0.208 0.002 0.006 pec
#cylinder: 0.680 0.188 0.000 0.680 0.188 0.002 0.005 pec
#cylinder: 0.818 0.152 0.000 0.818 0.152 0.002 0.007 pec
#cylinder: 1.029 0.112 0.000 1.029 0.112 0.002 0.008 pec
#cylinder: 1.186 0.200 0.000 1.186 0.200 0.002 0.006 pec
#cylinder: 1.423 0.189 0.000 1.423 0.189 0.002 0.007 pec
#cylinder: 1.620 0.160 0.000 1.620 0.160 0.002 0.005 pec
#cylinder: 1.839 0.179 0.000 1.839 0.179 0.002 0.007 pec
#cylinder: 2.136 0.181 0.000 2.136 0.181 0.002 0.009 pec
#cylinder: 2.328 0.101 0.000 2.328 0.101 0.002 0.005 pec
#cylinder: 2.539 0.186 0.000 2.539 0.186 0.002 0.009 pec
#cylinder: 2.727 0.183 0.000 2.727 0.183 0.002 0.005 pec
#cylinder: 2.933 0.126 0.000 2.933 0.126 0.002 0.009 pec
#cylinder: 3.171 0.210 0.000 3.171 0.210 0.002 0.009 pec
#cylinder: 3.429 0.163 0.000 3.429 0.163 0.002 0.007 pec
#cylinder: 3.626 0.204 0.000 3.626 0.204 0.002 0.005 pec
#cylinder: 3.919 0.158 0.000 3.919 0.158 0.002 0.005 pec
#cylinder: 4.034 0.206 0.000 4.034 0.206 0.002 0.009 pec
#cylinder: 4.164 0.115 0.000 4.164 0.115 0.002 0.009 pec
#cylinder: 4.378 0.109 0.000 4.378 0.109 0.002 0.009 pec
#cylinder: 4.610 0.180 0.000 4.610 0.180 0.002 0.005 pec
#cylinder: 4.873 0.184 0.000 4.873 0.184 0.002 0.006 pec
#cylinder: 5.038 0.188 0.000 5.038 0.188 0.002 0.005 pec
#cylinder: 5.330 0.161 0.000 5.330 0.161 0.002 0.007 pec
#cylinder: 5.548 0.216 0.000 5.548 0.216 0.002 0.006 pec
#cylinder: 5.812 0.198 0.000 5.812 0.198 0.002 0.008 pec
#cylinder: 6.080 0.154 0.000 6.080 0.154 0.002 0.008 pec
#cylinder: 6.182 0.216 0.000 6.182 0.216 0.002 0.009 pec
#cylinder: 6.320 0.156 0.000 6.320 0.156 0.002 0.009 pec
#cylinder: 6.503 0.116 0.000 6.503 0.116 0.002 0.010 pec
#cylinder: 6.608 0.203 0.000 6.608 0.203 0.002 0.005 pec
#cylinder: 6.897 0.123 0.000 6.897 0.123 0.002 0.006 pec
#cylinder: 7.195 0.184 0.000 7.195 0.184 0.002 0.010 pec
#cylinder: 7.357 0.172 0.000 7.357 0.172 0.002 0.009 pec
#cylinder: 7.577 0.185 0.000 7.577 0.185 0.002 0.009 pec
#cylinder: 7.837 0.157 0.000 7.837 0.157 0.002 0.007 pec
#cylinder: 8.070 0.162 0.000 8.070 0.162 0.002 0.009 pec
#cylinder: 8.236 0.217 0.000 8.236 0.217 0.002 0.009 pec
#cylinder: 8.458 0.190 0.000 8.458 0.190 0.002 0.006 pec
#cylinder: 8.591 0.145 0.000 8.591 0.145 0.002 0.006 pec
#cylinder: 8.819 0.184 0.000 8.819 0.184 0.002 0.008 pec
#cylinder: 8.943 0.215 0.000 8.943 0.215 0.002 0.006 pec
#cylinder: 9.052 0.175 0.000 9.052 0.175 0.002 0.009 pec
#cylinder: 9.278 0.179 0.000 9.278 0.179 0.002 0.009 pec
#cylinder: 9.433 0.138 0.000 9.433 0.138 0.002 0.007 pec
#cylinder: 9.554 0.181 0.000 9.554 0.181 0.002 0.009 pec
#cylinder: 9.776 0.123 0.000 9.776 0.123 0.002 0.007 pec
#cylinder: 9.998 0.120 0.000 9.998 0.120 0.002 0.006 pec
