testingplz 
#domain: 10.200 0.300 0.002 
#dx_dy_dz: 0.002 0.002 0.002 
#time_window: 5.000000e-09 

#excitation_file: mala_source_modified.txt 
#hertzian_dipole: z 0.080 0.250 0 mala_source 
#rx: 0.120 0.250 0.000 
#src_steps: 0.002 0.000 0.000 
#rx_steps: 0.002 0.000 0.000 

#material: 5.000 0.220 1.000 0.000 concrete
#material: 10000000.000 10000000.000 100.000 0.000 rebar
#material: 1.000 0.000 1.000 0.000 air
#material: 80.000 0.500 1.000 0.000 water

#box: 0.000 0.000 0.000 10.200 0.250 0.002 concrete

#box: 0.473 0.143 0.000 0.528 0.144 0.002 water
#box: 0.838 0.119 0.000 0.894 0.219 0.002 water
#box: 1.256 0.170 0.000 1.309 0.186 0.002 water
#box: 1.717 0.122 0.000 1.762 0.204 0.002 water
#box: 1.817 0.155 0.000 1.835 0.155 0.002 water
#box: 2.077 0.159 0.000 2.145 0.213 0.002 water
#box: 2.484 0.124 0.000 2.544 0.211 0.002 water
#box: 2.624 0.118 0.000 2.656 0.136 0.002 water
#box: 3.007 0.146 0.000 3.079 0.211 0.002 water
#box: 3.392 0.124 0.000 3.463 0.172 0.002 water
#box: 3.628 0.182 0.000 3.681 0.197 0.002 water
#box: 4.121 0.188 0.000 4.162 0.190 0.002 water
#box: 4.566 0.163 0.000 4.627 0.167 0.002 water
#box: 5.052 0.133 0.000 5.079 0.144 0.002 water
#box: 5.532 0.101 0.000 5.591 0.208 0.002 water
#box: 5.985 0.185 0.000 6.010 0.209 0.002 water
#box: 6.349 0.186 0.000 6.382 0.193 0.002 water
#box: 6.820 0.103 0.000 6.866 0.219 0.002 water
#box: 7.239 0.193 0.000 7.278 0.211 0.002 water
#box: 7.347 0.104 0.000 7.398 0.110 0.002 water
#box: 7.502 0.121 0.000 7.547 0.164 0.002 water
#box: 7.698 0.110 0.000 7.709 0.151 0.002 water
#box: 7.932 0.143 0.000 7.975 0.167 0.002 water
#box: 8.217 0.155 0.000 8.284 0.205 0.002 water
#box: 8.603 0.120 0.000 8.654 0.203 0.002 water
#box: 8.863 0.148 0.000 8.943 0.219 0.002 water
#box: 9.148 0.129 0.000 9.199 0.185 0.002 water
#box: 9.473 0.164 0.000 9.524 0.187 0.002 water
#box: 9.694 0.167 0.000 9.726 0.198 0.002 water
#cylinder: 0.192 0.131 0.000 0.192 0.131 0.002 0.005 pec
#cylinder: 0.299 0.153 0.000 0.299 0.153 0.002 0.007 pec
#cylinder: 0.552 0.109 0.000 0.552 0.109 0.002 0.009 pec
#cylinder: 0.760 0.194 0.000 0.760 0.194 0.002 0.007 pec
#cylinder: 0.867 0.193 0.000 0.867 0.193 0.002 0.010 pec
#cylinder: 1.039 0.151 0.000 1.039 0.151 0.002 0.006 pec
#cylinder: 1.187 0.112 0.000 1.187 0.112 0.002 0.006 pec
#cylinder: 1.391 0.127 0.000 1.391 0.127 0.002 0.010 pec
#cylinder: 1.539 0.146 0.000 1.539 0.146 0.002 0.005 pec
#cylinder: 1.698 0.177 0.000 1.698 0.177 0.002 0.005 pec
#cylinder: 1.893 0.131 0.000 1.893 0.131 0.002 0.009 pec
#cylinder: 2.182 0.166 0.000 2.182 0.166 0.002 0.005 pec
#cylinder: 2.310 0.159 0.000 2.310 0.159 0.002 0.009 pec
#cylinder: 2.559 0.212 0.000 2.559 0.212 0.002 0.006 pec
#cylinder: 2.757 0.135 0.000 2.757 0.135 0.002 0.005 pec
#cylinder: 2.922 0.129 0.000 2.922 0.129 0.002 0.009 pec
#cylinder: 3.128 0.117 0.000 3.128 0.117 0.002 0.005 pec
#cylinder: 3.263 0.104 0.000 3.263 0.104 0.002 0.005 pec
#cylinder: 3.407 0.208 0.000 3.407 0.208 0.002 0.006 pec
#cylinder: 3.676 0.152 0.000 3.676 0.152 0.002 0.007 pec
#cylinder: 3.876 0.196 0.000 3.876 0.196 0.002 0.005 pec
#cylinder: 3.976 0.202 0.000 3.976 0.202 0.002 0.007 pec
#cylinder: 4.205 0.107 0.000 4.205 0.107 0.002 0.007 pec
#cylinder: 4.453 0.100 0.000 4.453 0.100 0.002 0.005 pec
#cylinder: 4.687 0.102 0.000 4.687 0.102 0.002 0.007 pec
#cylinder: 4.817 0.155 0.000 4.817 0.155 0.002 0.009 pec
#cylinder: 4.920 0.119 0.000 4.920 0.119 0.002 0.009 pec
#cylinder: 5.118 0.112 0.000 5.118 0.112 0.002 0.005 pec
#cylinder: 5.313 0.133 0.000 5.313 0.133 0.002 0.007 pec
#cylinder: 5.416 0.127 0.000 5.416 0.127 0.002 0.005 pec
#cylinder: 5.573 0.180 0.000 5.573 0.180 0.002 0.006 pec
#cylinder: 5.853 0.131 0.000 5.853 0.131 0.002 0.009 pec
#cylinder: 6.097 0.100 0.000 6.097 0.100 0.002 0.007 pec
#cylinder: 6.395 0.139 0.000 6.395 0.139 0.002 0.007 pec
#cylinder: 6.540 0.120 0.000 6.540 0.120 0.002 0.010 pec
#cylinder: 6.799 0.196 0.000 6.799 0.196 0.002 0.008 pec
#cylinder: 6.908 0.132 0.000 6.908 0.132 0.002 0.010 pec
#cylinder: 7.068 0.218 0.000 7.068 0.218 0.002 0.010 pec
#cylinder: 7.351 0.101 0.000 7.351 0.101 0.002 0.009 pec
#cylinder: 7.614 0.109 0.000 7.614 0.109 0.002 0.008 pec
#cylinder: 7.770 0.177 0.000 7.770 0.177 0.002 0.010 pec
#cylinder: 8.044 0.207 0.000 8.044 0.207 0.002 0.009 pec
#cylinder: 8.178 0.143 0.000 8.178 0.143 0.002 0.005 pec
#cylinder: 8.475 0.196 0.000 8.475 0.196 0.002 0.006 pec
#cylinder: 8.644 0.213 0.000 8.644 0.213 0.002 0.006 pec
#cylinder: 8.934 0.177 0.000 8.934 0.177 0.002 0.007 pec
#cylinder: 9.196 0.159 0.000 9.196 0.159 0.002 0.009 pec
#cylinder: 9.414 0.191 0.000 9.414 0.191 0.002 0.007 pec
#cylinder: 9.625 0.204 0.000 9.625 0.204 0.002 0.005 pec
#cylinder: 9.843 0.155 0.000 9.843 0.155 0.002 0.009 pec
#cylinder: 10.094 0.129 0.000 10.094 0.129 0.002 0.010 pec
