testingplz 
#domain: 10.200 0.300 0.002 
#dx_dy_dz: 0.002 0.002 0.002 
#time_window: 5.000000e-09 

#excitation_file: mala_source_modified.txt 
#hertzian_dipole: z 0.080 0.250 0 mala_source 
#rx: 0.120 0.250 0.000 
#src_steps: 0.002 0.000 0.000 
#rx_steps: 0.002 0.000 0.000 

#material: 5.000 0.220 1.000 0.000 concrete
#material: 10000000.000 10000000.000 100.000 0.000 rebar
#material: 1.000 0.000 1.000 0.000 air
#material: 80.000 0.500 1.000 0.000 water

#box: 0.000 0.000 0.000 10.200 0.250 0.002 concrete

#box: 0.310 0.111 0.000 0.316 0.246 0.002 air
#box: 0.497 0.211 0.000 0.511 0.250 0.002 air
#box: 0.985 0.127 0.000 0.995 0.160 0.002 air
#box: 1.436 0.103 0.000 1.448 0.155 0.002 air
#box: 1.568 0.132 0.000 1.587 0.159 0.002 air
#box: 1.715 0.163 0.000 1.726 0.232 0.002 air
#box: 2.113 0.170 0.000 2.127 0.236 0.002 air
#box: 2.343 0.184 0.000 2.357 0.197 0.002 air
#box: 2.650 0.222 0.000 2.665 0.223 0.002 air
#box: 3.018 0.196 0.000 3.037 0.199 0.002 air
#box: 3.349 0.138 0.000 3.361 0.211 0.002 air
#box: 3.591 0.134 0.000 3.609 0.189 0.002 air
#box: 3.864 0.102 0.000 3.868 0.208 0.002 air
#box: 4.236 0.133 0.000 4.240 0.160 0.002 air
#box: 4.634 0.176 0.000 4.649 0.250 0.002 air
#box: 4.962 0.210 0.000 4.968 0.213 0.002 air
#box: 5.159 0.137 0.000 5.177 0.154 0.002 air
#box: 5.492 0.148 0.000 5.508 0.173 0.002 air
#box: 5.688 0.157 0.000 5.692 0.176 0.002 air
#box: 5.842 0.167 0.000 5.861 0.188 0.002 air
#box: 6.125 0.123 0.000 6.143 0.130 0.002 air
#box: 6.395 0.168 0.000 6.403 0.233 0.002 air
#box: 6.514 0.111 0.000 6.532 0.238 0.002 air
#box: 6.826 0.111 0.000 6.830 0.246 0.002 air
#box: 7.189 0.102 0.000 7.198 0.113 0.002 air
#box: 7.498 0.100 0.000 7.508 0.187 0.002 air
#box: 7.607 0.166 0.000 7.610 0.169 0.002 air
#box: 7.858 0.113 0.000 7.861 0.126 0.002 air
#box: 8.197 0.184 0.000 8.203 0.218 0.002 air
#box: 8.312 0.151 0.000 8.326 0.202 0.002 air
#box: 8.654 0.174 0.000 8.664 0.238 0.002 air
#box: 8.774 0.225 0.000 8.787 0.233 0.002 air
#box: 8.991 0.213 0.000 8.996 0.224 0.002 air
#box: 9.430 0.117 0.000 9.446 0.126 0.002 air
#box: 9.729 0.128 0.000 9.732 0.199 0.002 air
#box: 0.206 0.166 0.000 0.246 0.210 0.002 water
#box: 0.439 0.188 0.000 0.454 0.216 0.002 water
#box: 0.711 0.156 0.000 0.759 0.180 0.002 water
#box: 0.837 0.182 0.000 0.861 0.210 0.002 water
#box: 1.262 0.132 0.000 1.291 0.203 0.002 water
#box: 1.438 0.154 0.000 1.511 0.176 0.002 water
#box: 1.683 0.134 0.000 1.735 0.136 0.002 water
#box: 2.176 0.190 0.000 2.239 0.196 0.002 water
#box: 2.476 0.168 0.000 2.487 0.172 0.002 water
#box: 2.741 0.100 0.000 2.770 0.113 0.002 water
#box: 2.910 0.159 0.000 2.952 0.176 0.002 water
#box: 3.105 0.191 0.000 3.131 0.194 0.002 water
#box: 3.377 0.114 0.000 3.388 0.180 0.002 water
#box: 3.560 0.196 0.000 3.572 0.204 0.002 water
#box: 3.993 0.191 0.000 4.052 0.192 0.002 water
#box: 4.343 0.108 0.000 4.360 0.149 0.002 water
#box: 4.665 0.189 0.000 4.737 0.204 0.002 water
#box: 4.784 0.137 0.000 4.848 0.213 0.002 water
#box: 4.970 0.196 0.000 5.020 0.204 0.002 water
#box: 5.304 0.190 0.000 5.318 0.205 0.002 water
#box: 5.696 0.146 0.000 5.767 0.166 0.002 water
#box: 5.828 0.103 0.000 5.883 0.123 0.002 water
#box: 6.145 0.130 0.000 6.205 0.218 0.002 water
#box: 6.327 0.175 0.000 6.359 0.179 0.002 water
#box: 6.582 0.125 0.000 6.649 0.173 0.002 water
#box: 6.958 0.159 0.000 7.024 0.177 0.002 water
#box: 7.322 0.149 0.000 7.393 0.161 0.002 water
#box: 7.535 0.146 0.000 7.564 0.184 0.002 water
#box: 7.964 0.200 0.000 8.024 0.202 0.002 water
#box: 8.154 0.181 0.000 8.195 0.196 0.002 water
#box: 8.465 0.151 0.000 8.490 0.204 0.002 water
#box: 8.714 0.122 0.000 8.737 0.165 0.002 water
#box: 9.042 0.127 0.000 9.120 0.139 0.002 water
#box: 9.449 0.194 0.000 9.486 0.219 0.002 water
#box: 9.862 0.121 0.000 9.924 0.209 0.002 water
#cylinder: 0.289 0.169 0.000 0.289 0.169 0.002 0.009 pec
#cylinder: 0.584 0.152 0.000 0.584 0.152 0.002 0.007 pec
#cylinder: 0.758 0.216 0.000 0.758 0.216 0.002 0.005 pec
#cylinder: 1.046 0.138 0.000 1.046 0.138 0.002 0.006 pec
#cylinder: 1.166 0.127 0.000 1.166 0.127 0.002 0.005 pec
#cylinder: 1.380 0.172 0.000 1.380 0.172 0.002 0.009 pec
#cylinder: 1.517 0.161 0.000 1.517 0.161 0.002 0.005 pec
#cylinder: 1.765 0.219 0.000 1.765 0.219 0.002 0.009 pec
#cylinder: 1.867 0.199 0.000 1.867 0.199 0.002 0.009 pec
#cylinder: 2.163 0.115 0.000 2.163 0.115 0.002 0.007 pec
#cylinder: 2.273 0.194 0.000 2.273 0.194 0.002 0.009 pec
#cylinder: 2.478 0.207 0.000 2.478 0.207 0.002 0.009 pec
#cylinder: 2.597 0.100 0.000 2.597 0.100 0.002 0.006 pec
#cylinder: 2.864 0.102 0.000 2.864 0.102 0.002 0.006 pec
#cylinder: 3.158 0.210 0.000 3.158 0.210 0.002 0.010 pec
#cylinder: 3.331 0.168 0.000 3.331 0.168 0.002 0.007 pec
#cylinder: 3.452 0.215 0.000 3.452 0.215 0.002 0.009 pec
#cylinder: 3.558 0.182 0.000 3.558 0.182 0.002 0.006 pec
#cylinder: 3.787 0.105 0.000 3.787 0.105 0.002 0.006 pec
#cylinder: 4.083 0.202 0.000 4.083 0.202 0.002 0.007 pec
#cylinder: 4.286 0.134 0.000 4.286 0.134 0.002 0.007 pec
#cylinder: 4.539 0.117 0.000 4.539 0.117 0.002 0.010 pec
#cylinder: 4.723 0.125 0.000 4.723 0.125 0.002 0.007 pec
#cylinder: 4.974 0.162 0.000 4.974 0.162 0.002 0.007 pec
#cylinder: 5.197 0.177 0.000 5.197 0.177 0.002 0.010 pec
#cylinder: 5.336 0.146 0.000 5.336 0.146 0.002 0.006 pec
#cylinder: 5.614 0.213 0.000 5.614 0.213 0.002 0.006 pec
#cylinder: 5.815 0.123 0.000 5.815 0.123 0.002 0.009 pec
#cylinder: 5.968 0.176 0.000 5.968 0.176 0.002 0.005 pec
#cylinder: 6.115 0.160 0.000 6.115 0.160 0.002 0.005 pec
#cylinder: 6.395 0.206 0.000 6.395 0.206 0.002 0.008 pec
#cylinder: 6.545 0.114 0.000 6.545 0.114 0.002 0.005 pec
#cylinder: 6.663 0.152 0.000 6.663 0.152 0.002 0.009 pec
#cylinder: 6.855 0.171 0.000 6.855 0.171 0.002 0.007 pec
#cylinder: 7.092 0.132 0.000 7.092 0.132 0.002 0.009 pec
#cylinder: 7.323 0.210 0.000 7.323 0.210 0.002 0.009 pec
#cylinder: 7.447 0.145 0.000 7.447 0.145 0.002 0.007 pec
#cylinder: 7.602 0.209 0.000 7.602 0.209 0.002 0.005 pec
#cylinder: 7.835 0.125 0.000 7.835 0.125 0.002 0.005 pec
#cylinder: 7.993 0.201 0.000 7.993 0.201 0.002 0.009 pec
#cylinder: 8.211 0.119 0.000 8.211 0.119 0.002 0.009 pec
#cylinder: 8.444 0.180 0.000 8.444 0.180 0.002 0.009 pec
#cylinder: 8.547 0.193 0.000 8.547 0.193 0.002 0.005 pec
#cylinder: 8.675 0.208 0.000 8.675 0.208 0.002 0.009 pec
#cylinder: 8.974 0.183 0.000 8.974 0.183 0.002 0.007 pec
#cylinder: 9.243 0.116 0.000 9.243 0.116 0.002 0.007 pec
#cylinder: 9.506 0.209 0.000 9.506 0.209 0.002 0.006 pec
#cylinder: 9.774 0.215 0.000 9.774 0.215 0.002 0.009 pec
#cylinder: 10.051 0.135 0.000 10.051 0.135 0.002 0.009 pec
