testingplz 
#domain: 10.200 0.300 0.002 
#dx_dy_dz: 0.002 0.002 0.002 
#time_window: 5.000000e-09 

#excitation_file: mala_source_modified.txt 
#hertzian_dipole: z 0.080 0.250 0 mala_source 
#rx: 0.120 0.250 0.000 
#src_steps: 0.002 0.000 0.000 
#rx_steps: 0.002 0.000 0.000 

#material: 5.000 0.220 1.000 0.000 concrete
#material: 10000000.000 10000000.000 100.000 0.000 rebar
#material: 1.000 0.000 1.000 0.000 air
#material: 80.000 0.500 1.000 0.000 water

#box: 0.000 0.000 0.000 10.200 0.250 0.002 concrete

#box: 0.194 0.212 0.000 0.213 0.241 0.002 air
#box: 0.387 0.147 0.000 0.401 0.147 0.002 air
#box: 0.674 0.135 0.000 0.686 0.158 0.002 air
#box: 0.879 0.135 0.000 0.885 0.184 0.002 air
#box: 1.253 0.222 0.000 1.269 0.222 0.002 air
#box: 1.359 0.222 0.000 1.372 0.223 0.002 air
#box: 1.846 0.219 0.000 1.855 0.241 0.002 air
#box: 1.987 0.117 0.000 1.991 0.141 0.002 air
#box: 2.195 0.212 0.000 2.198 0.216 0.002 air
#box: 2.480 0.142 0.000 2.499 0.177 0.002 air
#box: 2.775 0.214 0.000 2.777 0.217 0.002 air
#box: 3.240 0.126 0.000 3.244 0.129 0.002 air
#box: 3.584 0.228 0.000 3.587 0.243 0.002 air
#box: 3.918 0.221 0.000 3.926 0.233 0.002 air
#box: 4.066 0.216 0.000 4.076 0.227 0.002 air
#box: 4.313 0.152 0.000 4.323 0.224 0.002 air
#box: 4.603 0.226 0.000 4.623 0.242 0.002 air
#box: 4.902 0.211 0.000 4.914 0.230 0.002 air
#box: 5.156 0.220 0.000 5.173 0.229 0.002 air
#box: 5.607 0.186 0.000 5.624 0.192 0.002 air
#box: 5.817 0.191 0.000 5.822 0.248 0.002 air
#box: 5.947 0.180 0.000 5.956 0.204 0.002 air
#box: 6.107 0.134 0.000 6.124 0.181 0.002 air
#box: 6.287 0.212 0.000 6.298 0.228 0.002 air
#box: 6.675 0.117 0.000 6.694 0.221 0.002 air
#box: 6.851 0.227 0.000 6.867 0.247 0.002 air
#box: 7.325 0.113 0.000 7.345 0.242 0.002 air
#box: 7.504 0.205 0.000 7.509 0.219 0.002 air
#box: 7.745 0.204 0.000 7.756 0.242 0.002 air
#box: 8.133 0.221 0.000 8.148 0.240 0.002 air
#box: 8.381 0.174 0.000 8.397 0.184 0.002 air
#box: 8.635 0.214 0.000 8.646 0.214 0.002 air
#box: 8.953 0.119 0.000 8.968 0.174 0.002 air
#box: 9.126 0.219 0.000 9.140 0.238 0.002 air
#box: 9.613 0.120 0.000 9.623 0.244 0.002 air
#box: 9.866 0.161 0.000 9.881 0.182 0.002 air
#box: 0.256 0.186 0.000 0.276 0.216 0.002 water
#box: 0.598 0.109 0.000 0.627 0.188 0.002 water
#box: 0.801 0.123 0.000 0.880 0.195 0.002 water
#box: 1.202 0.119 0.000 1.238 0.142 0.002 water
#box: 1.364 0.194 0.000 1.434 0.216 0.002 water
#box: 1.732 0.162 0.000 1.794 0.189 0.002 water
#box: 1.845 0.118 0.000 1.895 0.165 0.002 water
#box: 2.114 0.163 0.000 2.189 0.185 0.002 water
#box: 2.382 0.132 0.000 2.402 0.187 0.002 water
#box: 2.831 0.162 0.000 2.855 0.170 0.002 water
#box: 3.286 0.137 0.000 3.319 0.189 0.002 water
#box: 3.475 0.139 0.000 3.548 0.151 0.002 water
#box: 3.645 0.110 0.000 3.672 0.157 0.002 water
#box: 3.757 0.167 0.000 3.810 0.175 0.002 water
#box: 4.025 0.165 0.000 4.097 0.184 0.002 water
#box: 4.435 0.101 0.000 4.494 0.152 0.002 water
#box: 4.884 0.132 0.000 4.907 0.176 0.002 water
#box: 5.048 0.114 0.000 5.096 0.217 0.002 water
#box: 5.343 0.148 0.000 5.369 0.172 0.002 water
#box: 5.570 0.128 0.000 5.597 0.207 0.002 water
#box: 6.037 0.157 0.000 6.055 0.219 0.002 water
#box: 6.480 0.152 0.000 6.520 0.155 0.002 water
#box: 6.690 0.128 0.000 6.759 0.172 0.002 water
#box: 7.103 0.142 0.000 7.159 0.209 0.002 water
#box: 7.435 0.141 0.000 7.494 0.167 0.002 water
#box: 7.831 0.185 0.000 7.887 0.201 0.002 water
#box: 8.265 0.164 0.000 8.315 0.171 0.002 water
#box: 8.535 0.123 0.000 8.556 0.172 0.002 water
#box: 8.870 0.170 0.000 8.901 0.211 0.002 water
#box: 9.183 0.161 0.000 9.201 0.170 0.002 water
#box: 9.602 0.155 0.000 9.613 0.216 0.002 water
#box: 9.848 0.103 0.000 9.911 0.171 0.002 water
