testingplz 
#domain: 10.200 0.300 0.002 
#dx_dy_dz: 0.002 0.002 0.002 
#time_window: 5.000000e-09 

#excitation_file: mala_source_modified.txt 
#hertzian_dipole: z 0.080 0.250 0 mala_source 
#rx: 0.120 0.250 0.000 
#src_steps: 0.002 0.000 0.000 
#rx_steps: 0.002 0.000 0.000 

#material: 5.000 0.220 1.000 0.000 concrete
#material: 10000000.000 10000000.000 100.000 0.000 rebar
#material: 1.000 0.000 1.000 0.000 air
#material: 80.000 0.500 1.000 0.000 water

#box: 0.000 0.000 0.000 10.200 0.250 0.002 concrete

#box: 0.141 0.175 0.000 0.159 0.210 0.002 air
#box: 0.260 0.186 0.000 0.274 0.221 0.002 air
#box: 0.628 0.197 0.000 0.648 0.242 0.002 air
#box: 0.871 0.200 0.000 0.873 0.241 0.002 air
#box: 1.315 0.211 0.000 1.318 0.225 0.002 air
#box: 1.696 0.130 0.000 1.699 0.218 0.002 air
#box: 2.117 0.142 0.000 2.137 0.154 0.002 air
#box: 2.319 0.199 0.000 2.336 0.221 0.002 air
#box: 2.535 0.207 0.000 2.555 0.242 0.002 air
#box: 2.877 0.187 0.000 2.888 0.205 0.002 air
#box: 3.176 0.223 0.000 3.193 0.226 0.002 air
#box: 3.559 0.194 0.000 3.575 0.208 0.002 air
#box: 3.762 0.185 0.000 3.770 0.246 0.002 air
#box: 4.141 0.209 0.000 4.157 0.225 0.002 air
#box: 4.582 0.212 0.000 4.596 0.228 0.002 air
#box: 5.071 0.138 0.000 5.088 0.174 0.002 air
#box: 5.546 0.149 0.000 5.564 0.232 0.002 air
#box: 5.842 0.201 0.000 5.851 0.239 0.002 air
#box: 6.206 0.120 0.000 6.223 0.229 0.002 air
#box: 6.346 0.146 0.000 6.353 0.165 0.002 air
#box: 6.730 0.222 0.000 6.748 0.229 0.002 air
#box: 6.861 0.178 0.000 6.872 0.201 0.002 air
#box: 7.224 0.117 0.000 7.236 0.188 0.002 air
#box: 7.719 0.144 0.000 7.722 0.178 0.002 air
#box: 7.873 0.210 0.000 7.875 0.228 0.002 air
#box: 8.031 0.186 0.000 8.049 0.188 0.002 air
#box: 8.483 0.167 0.000 8.502 0.217 0.002 air
#box: 8.722 0.137 0.000 8.741 0.248 0.002 air
#box: 9.152 0.230 0.000 9.166 0.230 0.002 air
#box: 9.621 0.163 0.000 9.630 0.236 0.002 air
#box: 10.072 0.183 0.000 10.091 0.196 0.002 air
#box: 0.491 0.190 0.000 0.557 0.214 0.002 water
#box: 0.626 0.138 0.000 0.645 0.178 0.002 water
#box: 1.050 0.129 0.000 1.096 0.181 0.002 water
#box: 1.412 0.149 0.000 1.446 0.196 0.002 water
#box: 1.604 0.179 0.000 1.681 0.182 0.002 water
#box: 2.008 0.165 0.000 2.063 0.167 0.002 water
#box: 2.116 0.162 0.000 2.142 0.186 0.002 water
#box: 2.258 0.133 0.000 2.284 0.186 0.002 water
#box: 2.720 0.147 0.000 2.782 0.188 0.002 water
#box: 3.052 0.200 0.000 3.116 0.209 0.002 water
#box: 3.456 0.129 0.000 3.509 0.139 0.002 water
#box: 3.717 0.160 0.000 3.770 0.178 0.002 water
#box: 4.172 0.133 0.000 4.221 0.195 0.002 water
#box: 4.634 0.168 0.000 4.673 0.212 0.002 water
#box: 4.979 0.103 0.000 5.057 0.211 0.002 water
#box: 5.255 0.185 0.000 5.298 0.201 0.002 water
#box: 5.675 0.140 0.000 5.698 0.171 0.002 water
#box: 6.150 0.111 0.000 6.229 0.148 0.002 water
#box: 6.518 0.114 0.000 6.572 0.141 0.002 water
#box: 6.812 0.164 0.000 6.842 0.200 0.002 water
#box: 7.251 0.132 0.000 7.297 0.171 0.002 water
#box: 7.540 0.145 0.000 7.564 0.202 0.002 water
#box: 7.641 0.193 0.000 7.695 0.208 0.002 water
#box: 7.912 0.135 0.000 7.985 0.154 0.002 water
#box: 8.194 0.194 0.000 8.231 0.210 0.002 water
#box: 8.310 0.143 0.000 8.359 0.148 0.002 water
#box: 8.500 0.138 0.000 8.525 0.213 0.002 water
#box: 8.813 0.192 0.000 8.890 0.205 0.002 water
#box: 9.037 0.113 0.000 9.082 0.220 0.002 water
#box: 9.392 0.200 0.000 9.407 0.205 0.002 water
#box: 9.823 0.169 0.000 9.870 0.203 0.002 water
