testingplz 
#domain: 10.200 0.300 0.002 
#dx_dy_dz: 0.002 0.002 0.002 
#time_window: 5.000000e-09 

#excitation_file: mala_source_modified.txt 
#hertzian_dipole: z 0.080 0.250 0 mala_source 
#rx: 0.120 0.250 0.000 
#src_steps: 0.002 0.000 0.000 
#rx_steps: 0.002 0.000 0.000 

#material: 5.000 0.220 1.000 0.000 concrete
#material: 10000000.000 10000000.000 100.000 0.000 rebar
#material: 1.000 0.000 1.000 0.000 air
#material: 80.000 0.500 1.000 0.000 water

#box: 0.000 0.000 0.000 10.200 0.250 0.002 concrete

#box: 0.491 0.193 0.000 0.501 0.242 0.002 air
#box: 0.788 0.116 0.000 0.794 0.147 0.002 air
#box: 1.105 0.182 0.000 1.107 0.225 0.002 air
#box: 1.278 0.115 0.000 1.297 0.162 0.002 air
#box: 1.417 0.200 0.000 1.422 0.240 0.002 air
#box: 1.774 0.151 0.000 1.794 0.195 0.002 air
#box: 2.092 0.142 0.000 2.102 0.229 0.002 air
#box: 2.316 0.187 0.000 2.332 0.234 0.002 air
#box: 2.720 0.165 0.000 2.723 0.167 0.002 air
#box: 3.020 0.159 0.000 3.036 0.203 0.002 air
#box: 3.130 0.104 0.000 3.138 0.214 0.002 air
#box: 3.496 0.108 0.000 3.513 0.224 0.002 air
#box: 3.736 0.131 0.000 3.756 0.141 0.002 air
#box: 3.950 0.113 0.000 3.958 0.194 0.002 air
#box: 4.209 0.118 0.000 4.225 0.234 0.002 air
#box: 4.484 0.121 0.000 4.486 0.226 0.002 air
#box: 4.702 0.133 0.000 4.711 0.223 0.002 air
#box: 4.835 0.130 0.000 4.842 0.178 0.002 air
#box: 5.126 0.215 0.000 5.144 0.237 0.002 air
#box: 5.442 0.110 0.000 5.453 0.150 0.002 air
#box: 5.737 0.110 0.000 5.753 0.173 0.002 air
#box: 5.975 0.124 0.000 5.986 0.228 0.002 air
#box: 6.340 0.213 0.000 6.358 0.235 0.002 air
#box: 6.810 0.122 0.000 6.821 0.220 0.002 air
#box: 7.056 0.171 0.000 7.075 0.224 0.002 air
#box: 7.482 0.113 0.000 7.498 0.115 0.002 air
#box: 7.693 0.153 0.000 7.701 0.215 0.002 air
#box: 7.874 0.127 0.000 7.890 0.181 0.002 air
#box: 8.194 0.165 0.000 8.209 0.198 0.002 air
#box: 8.638 0.148 0.000 8.652 0.248 0.002 air
#box: 8.917 0.104 0.000 8.922 0.216 0.002 air
#box: 9.047 0.211 0.000 9.057 0.231 0.002 air
#box: 9.201 0.147 0.000 9.209 0.250 0.002 air
#box: 9.452 0.197 0.000 9.470 0.214 0.002 air
#box: 9.907 0.163 0.000 9.911 0.198 0.002 air
#box: 0.145 0.139 0.000 0.181 0.146 0.002 water
#box: 0.537 0.112 0.000 0.547 0.187 0.002 water
#box: 0.788 0.145 0.000 0.837 0.198 0.002 water
#box: 1.210 0.164 0.000 1.261 0.203 0.002 water
#box: 1.348 0.124 0.000 1.397 0.203 0.002 water
#box: 1.723 0.112 0.000 1.793 0.199 0.002 water
#box: 1.990 0.194 0.000 2.060 0.205 0.002 water
#box: 2.182 0.139 0.000 2.226 0.186 0.002 water
#box: 2.341 0.149 0.000 2.396 0.174 0.002 water
#box: 2.648 0.146 0.000 2.666 0.167 0.002 water
#box: 2.870 0.125 0.000 2.892 0.168 0.002 water
#box: 3.161 0.187 0.000 3.196 0.193 0.002 water
#box: 3.298 0.186 0.000 3.339 0.201 0.002 water
#box: 3.584 0.110 0.000 3.647 0.162 0.002 water
#box: 3.737 0.125 0.000 3.754 0.169 0.002 water
#box: 3.944 0.128 0.000 3.999 0.219 0.002 water
#box: 4.404 0.193 0.000 4.468 0.216 0.002 water
#box: 4.601 0.177 0.000 4.645 0.178 0.002 water
#box: 5.026 0.113 0.000 5.036 0.179 0.002 water
#box: 5.457 0.152 0.000 5.491 0.220 0.002 water
#box: 5.820 0.115 0.000 5.846 0.159 0.002 water
#box: 6.041 0.185 0.000 6.096 0.218 0.002 water
#box: 6.144 0.114 0.000 6.171 0.200 0.002 water
#box: 6.298 0.157 0.000 6.359 0.163 0.002 water
#box: 6.588 0.167 0.000 6.651 0.204 0.002 water
#box: 6.977 0.176 0.000 6.988 0.215 0.002 water
#box: 7.191 0.183 0.000 7.265 0.197 0.002 water
#box: 7.636 0.183 0.000 7.650 0.204 0.002 water
#box: 7.828 0.101 0.000 7.866 0.210 0.002 water
#box: 8.024 0.152 0.000 8.080 0.192 0.002 water
#box: 8.311 0.140 0.000 8.343 0.182 0.002 water
#box: 8.510 0.127 0.000 8.575 0.149 0.002 water
#box: 8.612 0.143 0.000 8.646 0.147 0.002 water
#box: 9.064 0.184 0.000 9.087 0.186 0.002 water
#box: 9.405 0.130 0.000 9.450 0.182 0.002 water
#box: 9.868 0.164 0.000 9.911 0.212 0.002 water
