testingplz 
#domain: 10.200 0.300 0.002 
#dx_dy_dz: 0.002 0.002 0.002 
#time_window: 5.000000e-09 

#excitation_file: mala_source_modified.txt 
#hertzian_dipole: z 0.080 0.250 0 mala_source 
#rx: 0.120 0.250 0.000 
#src_steps: 0.002 0.000 0.000 
#rx_steps: 0.002 0.000 0.000 

#material: 5.000 0.220 1.000 0.000 concrete
#material: 10000000.000 10000000.000 100.000 0.000 rebar
#material: 1.000 0.000 1.000 0.000 air
#material: 80.000 0.500 1.000 0.000 water

#box: 0.000 0.000 0.000 10.200 0.250 0.002 concrete

#box: 0.182 0.109 0.000 0.188 0.195 0.002 air
#box: 0.611 0.124 0.000 0.614 0.195 0.002 air
#box: 1.098 0.201 0.000 1.113 0.203 0.002 air
#box: 1.581 0.200 0.000 1.590 0.225 0.002 air
#box: 1.877 0.117 0.000 1.892 0.138 0.002 air
#box: 2.196 0.102 0.000 2.200 0.224 0.002 air
#box: 2.492 0.137 0.000 2.500 0.198 0.002 air
#box: 2.917 0.104 0.000 2.920 0.130 0.002 air
#box: 3.318 0.154 0.000 3.333 0.226 0.002 air
#box: 3.688 0.124 0.000 3.699 0.137 0.002 air
#box: 3.929 0.203 0.000 3.931 0.220 0.002 air
#box: 4.416 0.126 0.000 4.434 0.229 0.002 air
#box: 4.840 0.197 0.000 4.855 0.206 0.002 air
#box: 5.098 0.114 0.000 5.112 0.144 0.002 air
#box: 5.407 0.120 0.000 5.423 0.181 0.002 air
#box: 5.851 0.137 0.000 5.867 0.186 0.002 air
#box: 6.196 0.174 0.000 6.201 0.182 0.002 air
#box: 6.535 0.117 0.000 6.540 0.125 0.002 air
#box: 6.790 0.192 0.000 6.808 0.222 0.002 air
#box: 6.929 0.199 0.000 6.944 0.242 0.002 air
#box: 7.207 0.128 0.000 7.226 0.229 0.002 air
#box: 7.707 0.182 0.000 7.711 0.238 0.002 air
#box: 8.166 0.113 0.000 8.168 0.210 0.002 air
#box: 8.623 0.179 0.000 8.642 0.194 0.002 air
#box: 9.089 0.215 0.000 9.101 0.223 0.002 air
#box: 9.420 0.162 0.000 9.440 0.163 0.002 air
#box: 9.702 0.101 0.000 9.715 0.173 0.002 air
#box: 10.075 0.127 0.000 10.084 0.207 0.002 air
#box: 0.127 0.117 0.000 0.203 0.158 0.002 water
#box: 0.459 0.109 0.000 0.474 0.129 0.002 water
#box: 0.762 0.174 0.000 0.795 0.218 0.002 water
#box: 0.992 0.156 0.000 1.049 0.186 0.002 water
#box: 1.229 0.189 0.000 1.301 0.209 0.002 water
#box: 1.374 0.169 0.000 1.390 0.173 0.002 water
#box: 1.779 0.131 0.000 1.835 0.144 0.002 water
#box: 1.935 0.147 0.000 2.009 0.186 0.002 water
#box: 2.292 0.170 0.000 2.328 0.207 0.002 water
#box: 2.508 0.182 0.000 2.569 0.195 0.002 water
#box: 2.788 0.162 0.000 2.859 0.185 0.002 water
#box: 3.273 0.172 0.000 3.350 0.182 0.002 water
#box: 3.445 0.123 0.000 3.502 0.154 0.002 water
#box: 3.871 0.129 0.000 3.911 0.200 0.002 water
#box: 4.240 0.144 0.000 4.296 0.168 0.002 water
#box: 4.443 0.134 0.000 4.492 0.164 0.002 water
#box: 4.600 0.163 0.000 4.670 0.169 0.002 water
#box: 4.899 0.110 0.000 4.945 0.154 0.002 water
#box: 5.340 0.161 0.000 5.374 0.200 0.002 water
#box: 5.790 0.149 0.000 5.855 0.199 0.002 water
#box: 6.171 0.115 0.000 6.230 0.134 0.002 water
#box: 6.410 0.136 0.000 6.483 0.208 0.002 water
#box: 6.851 0.179 0.000 6.921 0.188 0.002 water
#box: 7.041 0.151 0.000 7.064 0.177 0.002 water
#box: 7.446 0.167 0.000 7.525 0.216 0.002 water
#box: 7.748 0.142 0.000 7.780 0.176 0.002 water
#box: 7.927 0.116 0.000 7.956 0.161 0.002 water
#box: 8.344 0.134 0.000 8.412 0.154 0.002 water
#box: 8.562 0.174 0.000 8.615 0.203 0.002 water
#box: 8.755 0.183 0.000 8.826 0.214 0.002 water
#box: 8.900 0.101 0.000 8.937 0.208 0.002 water
#box: 9.120 0.199 0.000 9.184 0.209 0.002 water
#box: 9.424 0.189 0.000 9.501 0.191 0.002 water
#box: 9.746 0.151 0.000 9.778 0.157 0.002 water
#cylinder: 0.252 0.188 0.000 0.252 0.188 0.002 0.008 pec
#cylinder: 0.532 0.164 0.000 0.532 0.164 0.002 0.007 pec
#cylinder: 0.656 0.137 0.000 0.656 0.137 0.002 0.009 pec
#cylinder: 0.822 0.116 0.000 0.822 0.116 0.002 0.009 pec
#cylinder: 1.077 0.161 0.000 1.077 0.161 0.002 0.009 pec
#cylinder: 1.250 0.159 0.000 1.250 0.159 0.002 0.005 pec
#cylinder: 1.520 0.127 0.000 1.520 0.127 0.002 0.010 pec
#cylinder: 1.621 0.207 0.000 1.621 0.207 0.002 0.009 pec
#cylinder: 1.880 0.122 0.000 1.880 0.122 0.002 0.006 pec
#cylinder: 2.000 0.213 0.000 2.000 0.213 0.002 0.005 pec
#cylinder: 2.102 0.175 0.000 2.102 0.175 0.002 0.010 pec
#cylinder: 2.310 0.168 0.000 2.310 0.168 0.002 0.005 pec
#cylinder: 2.484 0.111 0.000 2.484 0.111 0.002 0.006 pec
#cylinder: 2.684 0.154 0.000 2.684 0.154 0.002 0.007 pec
#cylinder: 2.825 0.113 0.000 2.825 0.113 0.002 0.008 pec
#cylinder: 3.020 0.136 0.000 3.020 0.136 0.002 0.006 pec
#cylinder: 3.219 0.115 0.000 3.219 0.115 0.002 0.010 pec
#cylinder: 3.393 0.163 0.000 3.393 0.163 0.002 0.009 pec
#cylinder: 3.516 0.131 0.000 3.516 0.131 0.002 0.007 pec
#cylinder: 3.798 0.205 0.000 3.798 0.205 0.002 0.009 pec
#cylinder: 3.978 0.139 0.000 3.978 0.139 0.002 0.006 pec
#cylinder: 4.124 0.212 0.000 4.124 0.212 0.002 0.009 pec
#cylinder: 4.307 0.116 0.000 4.307 0.116 0.002 0.006 pec
#cylinder: 4.554 0.197 0.000 4.554 0.197 0.002 0.006 pec
#cylinder: 4.702 0.193 0.000 4.702 0.193 0.002 0.009 pec
#cylinder: 4.868 0.194 0.000 4.868 0.194 0.002 0.009 pec
#cylinder: 5.004 0.216 0.000 5.004 0.216 0.002 0.005 pec
#cylinder: 5.242 0.164 0.000 5.242 0.164 0.002 0.010 pec
#cylinder: 5.523 0.133 0.000 5.523 0.133 0.002 0.006 pec
#cylinder: 5.640 0.132 0.000 5.640 0.132 0.002 0.005 pec
#cylinder: 5.856 0.187 0.000 5.856 0.187 0.002 0.005 pec
#cylinder: 6.093 0.182 0.000 6.093 0.182 0.002 0.006 pec
#cylinder: 6.351 0.115 0.000 6.351 0.115 0.002 0.007 pec
#cylinder: 6.576 0.151 0.000 6.576 0.151 0.002 0.009 pec
#cylinder: 6.700 0.168 0.000 6.700 0.168 0.002 0.007 pec
#cylinder: 6.965 0.194 0.000 6.965 0.194 0.002 0.009 pec
#cylinder: 7.088 0.114 0.000 7.088 0.114 0.002 0.009 pec
#cylinder: 7.341 0.161 0.000 7.341 0.161 0.002 0.008 pec
#cylinder: 7.482 0.196 0.000 7.482 0.196 0.002 0.009 pec
#cylinder: 7.673 0.124 0.000 7.673 0.124 0.002 0.006 pec
#cylinder: 7.830 0.220 0.000 7.830 0.220 0.002 0.007 pec
#cylinder: 7.989 0.186 0.000 7.989 0.186 0.002 0.009 pec
#cylinder: 8.132 0.179 0.000 8.132 0.179 0.002 0.007 pec
#cylinder: 8.314 0.119 0.000 8.314 0.119 0.002 0.010 pec
#cylinder: 8.568 0.194 0.000 8.568 0.194 0.002 0.009 pec
#cylinder: 8.756 0.172 0.000 8.756 0.172 0.002 0.009 pec
#cylinder: 8.972 0.100 0.000 8.972 0.100 0.002 0.007 pec
#cylinder: 9.229 0.193 0.000 9.229 0.193 0.002 0.010 pec
#cylinder: 9.377 0.152 0.000 9.377 0.152 0.002 0.009 pec
#cylinder: 9.531 0.197 0.000 9.531 0.197 0.002 0.009 pec
#cylinder: 9.741 0.156 0.000 9.741 0.156 0.002 0.006 pec
#cylinder: 10.016 0.153 0.000 10.016 0.153 0.002 0.009 pec
