testingplz 
#domain: 10.200 0.300 0.002 
#dx_dy_dz: 0.002 0.002 0.002 
#time_window: 5.000000e-09 

#excitation_file: mala_source_modified.txt 
#hertzian_dipole: z 0.080 0.250 0 mala_source 
#rx: 0.120 0.250 0.000 
#src_steps: 0.002 0.000 0.000 
#rx_steps: 0.002 0.000 0.000 

#material: 5.000 0.220 1.000 0.000 concrete
#material: 10000000.000 10000000.000 100.000 0.000 rebar
#material: 1.000 0.000 1.000 0.000 air
#material: 80.000 0.500 1.000 0.000 water

#box: 0.000 0.000 0.000 10.200 0.250 0.002 concrete

#box: 0.155 0.224 0.000 0.171 0.229 0.002 air
#box: 0.592 0.204 0.000 0.603 0.225 0.002 air
#box: 0.784 0.112 0.000 0.803 0.134 0.002 air
#box: 0.929 0.196 0.000 0.941 0.250 0.002 air
#box: 1.049 0.140 0.000 1.058 0.231 0.002 air
#box: 1.421 0.157 0.000 1.441 0.207 0.002 air
#box: 1.678 0.223 0.000 1.691 0.233 0.002 air
#box: 2.163 0.180 0.000 2.176 0.236 0.002 air
#box: 2.519 0.217 0.000 2.525 0.249 0.002 air
#box: 2.681 0.134 0.000 2.691 0.195 0.002 air
#box: 3.029 0.150 0.000 3.048 0.249 0.002 air
#box: 3.277 0.229 0.000 3.287 0.237 0.002 air
#box: 3.652 0.165 0.000 3.655 0.230 0.002 air
#box: 3.874 0.195 0.000 3.886 0.211 0.002 air
#box: 4.100 0.199 0.000 4.110 0.208 0.002 air
#box: 4.511 0.173 0.000 4.516 0.193 0.002 air
#box: 4.934 0.170 0.000 4.940 0.222 0.002 air
#box: 5.100 0.186 0.000 5.107 0.236 0.002 air
#box: 5.330 0.116 0.000 5.334 0.175 0.002 air
#box: 5.553 0.218 0.000 5.558 0.244 0.002 air
#box: 5.760 0.116 0.000 5.774 0.197 0.002 air
#box: 6.213 0.135 0.000 6.231 0.165 0.002 air
#box: 6.332 0.168 0.000 6.338 0.194 0.002 air
#box: 6.578 0.125 0.000 6.590 0.172 0.002 air
#box: 6.849 0.172 0.000 6.858 0.240 0.002 air
#box: 7.185 0.127 0.000 7.205 0.227 0.002 air
#box: 7.392 0.119 0.000 7.397 0.200 0.002 air
#box: 7.601 0.208 0.000 7.613 0.226 0.002 air
#box: 7.816 0.104 0.000 7.821 0.239 0.002 air
#box: 8.001 0.131 0.000 8.003 0.197 0.002 air
#box: 8.212 0.138 0.000 8.223 0.138 0.002 air
#box: 8.663 0.207 0.000 8.673 0.246 0.002 air
#box: 8.769 0.228 0.000 8.784 0.241 0.002 air
#box: 8.933 0.179 0.000 8.947 0.208 0.002 air
#box: 9.054 0.105 0.000 9.062 0.191 0.002 air
#box: 9.516 0.203 0.000 9.523 0.248 0.002 air
#box: 9.794 0.221 0.000 9.797 0.243 0.002 air
#box: 10.025 0.127 0.000 10.037 0.174 0.002 air
#box: 0.490 0.183 0.000 0.537 0.217 0.002 water
#box: 0.761 0.165 0.000 0.808 0.189 0.002 water
#box: 1.185 0.178 0.000 1.252 0.183 0.002 water
#box: 1.463 0.153 0.000 1.487 0.157 0.002 water
#box: 1.930 0.119 0.000 1.971 0.145 0.002 water
#box: 2.233 0.185 0.000 2.257 0.211 0.002 water
#box: 2.390 0.115 0.000 2.432 0.183 0.002 water
#box: 2.709 0.137 0.000 2.778 0.193 0.002 water
#box: 3.141 0.144 0.000 3.186 0.166 0.002 water
#box: 3.562 0.166 0.000 3.619 0.199 0.002 water
#box: 3.992 0.156 0.000 4.042 0.167 0.002 water
#box: 4.224 0.152 0.000 4.248 0.209 0.002 water
#box: 4.335 0.142 0.000 4.345 0.214 0.002 water
#box: 4.435 0.137 0.000 4.468 0.219 0.002 water
#box: 4.826 0.127 0.000 4.864 0.159 0.002 water
#box: 4.962 0.164 0.000 5.004 0.203 0.002 water
#box: 5.330 0.102 0.000 5.359 0.114 0.002 water
#box: 5.581 0.113 0.000 5.617 0.140 0.002 water
#box: 5.949 0.107 0.000 6.026 0.212 0.002 water
#box: 6.228 0.162 0.000 6.265 0.179 0.002 water
#box: 6.592 0.117 0.000 6.613 0.202 0.002 water
#box: 7.066 0.103 0.000 7.106 0.134 0.002 water
#box: 7.309 0.110 0.000 7.389 0.210 0.002 water
#box: 7.598 0.166 0.000 7.663 0.170 0.002 water
#box: 7.739 0.142 0.000 7.764 0.166 0.002 water
#box: 8.185 0.196 0.000 8.206 0.220 0.002 water
#box: 8.337 0.100 0.000 8.367 0.179 0.002 water
#box: 8.779 0.146 0.000 8.819 0.186 0.002 water
#box: 9.052 0.157 0.000 9.114 0.171 0.002 water
#box: 9.203 0.141 0.000 9.267 0.152 0.002 water
#box: 9.637 0.139 0.000 9.677 0.154 0.002 water
#box: 9.782 0.184 0.000 9.828 0.205 0.002 water
#box: 9.906 0.137 0.000 9.947 0.149 0.002 water
#box: 10.056 0.109 0.000 10.127 0.157 0.002 water
#cylinder: 0.209 0.109 0.000 0.209 0.109 0.002 0.009 pec
#cylinder: 0.446 0.111 0.000 0.446 0.111 0.002 0.008 pec
#cylinder: 0.641 0.210 0.000 0.641 0.210 0.002 0.010 pec
#cylinder: 0.826 0.158 0.000 0.826 0.158 0.002 0.007 pec
#cylinder: 1.070 0.210 0.000 1.070 0.210 0.002 0.007 pec
#cylinder: 1.276 0.187 0.000 1.276 0.187 0.002 0.008 pec
#cylinder: 1.422 0.117 0.000 1.422 0.117 0.002 0.007 pec
#cylinder: 1.570 0.184 0.000 1.570 0.184 0.002 0.006 pec
#cylinder: 1.719 0.149 0.000 1.719 0.149 0.002 0.008 pec
#cylinder: 1.964 0.215 0.000 1.964 0.215 0.002 0.009 pec
#cylinder: 2.130 0.111 0.000 2.130 0.111 0.002 0.005 pec
#cylinder: 2.251 0.187 0.000 2.251 0.187 0.002 0.005 pec
#cylinder: 2.439 0.178 0.000 2.439 0.178 0.002 0.006 pec
#cylinder: 2.626 0.124 0.000 2.626 0.124 0.002 0.009 pec
#cylinder: 2.774 0.208 0.000 2.774 0.208 0.002 0.009 pec
#cylinder: 2.948 0.200 0.000 2.948 0.200 0.002 0.007 pec
#cylinder: 3.132 0.150 0.000 3.132 0.150 0.002 0.006 pec
#cylinder: 3.258 0.197 0.000 3.258 0.197 0.002 0.005 pec
#cylinder: 3.530 0.104 0.000 3.530 0.104 0.002 0.007 pec
#cylinder: 3.803 0.114 0.000 3.803 0.114 0.002 0.007 pec
#cylinder: 4.096 0.136 0.000 4.096 0.136 0.002 0.009 pec
#cylinder: 4.304 0.178 0.000 4.304 0.178 0.002 0.009 pec
#cylinder: 4.452 0.128 0.000 4.452 0.128 0.002 0.006 pec
#cylinder: 4.605 0.172 0.000 4.605 0.172 0.002 0.009 pec
#cylinder: 4.781 0.175 0.000 4.781 0.175 0.002 0.005 pec
#cylinder: 5.065 0.166 0.000 5.065 0.166 0.002 0.009 pec
#cylinder: 5.310 0.180 0.000 5.310 0.180 0.002 0.008 pec
#cylinder: 5.566 0.216 0.000 5.566 0.216 0.002 0.006 pec
#cylinder: 5.834 0.112 0.000 5.834 0.112 0.002 0.009 pec
#cylinder: 6.012 0.204 0.000 6.012 0.204 0.002 0.010 pec
#cylinder: 6.310 0.220 0.000 6.310 0.220 0.002 0.007 pec
#cylinder: 6.600 0.220 0.000 6.600 0.220 0.002 0.007 pec
#cylinder: 6.703 0.197 0.000 6.703 0.197 0.002 0.010 pec
#cylinder: 6.985 0.154 0.000 6.985 0.154 0.002 0.006 pec
#cylinder: 7.136 0.188 0.000 7.136 0.188 0.002 0.010 pec
#cylinder: 7.314 0.191 0.000 7.314 0.191 0.002 0.007 pec
#cylinder: 7.425 0.178 0.000 7.425 0.178 0.002 0.009 pec
#cylinder: 7.604 0.109 0.000 7.604 0.109 0.002 0.005 pec
#cylinder: 7.865 0.214 0.000 7.865 0.214 0.002 0.009 pec
#cylinder: 8.020 0.201 0.000 8.020 0.201 0.002 0.009 pec
#cylinder: 8.131 0.184 0.000 8.131 0.184 0.002 0.009 pec
#cylinder: 8.286 0.107 0.000 8.286 0.107 0.002 0.010 pec
#cylinder: 8.516 0.208 0.000 8.516 0.208 0.002 0.009 pec
#cylinder: 8.768 0.122 0.000 8.768 0.122 0.002 0.008 pec
#cylinder: 9.008 0.148 0.000 9.008 0.148 0.002 0.010 pec
#cylinder: 9.249 0.133 0.000 9.249 0.133 0.002 0.006 pec
#cylinder: 9.392 0.190 0.000 9.392 0.190 0.002 0.006 pec
#cylinder: 9.640 0.113 0.000 9.640 0.113 0.002 0.007 pec
#cylinder: 9.841 0.111 0.000 9.841 0.111 0.002 0.009 pec
#cylinder: 10.024 0.115 0.000 10.024 0.115 0.002 0.005 pec
