testingplz 
#domain: 10.200 0.300 0.002 
#dx_dy_dz: 0.002 0.002 0.002 
#time_window: 5.000000e-09 

#excitation_file: mala_source_modified.txt 
#hertzian_dipole: z 0.080 0.250 0 mala_source 
#rx: 0.120 0.250 0.000 
#src_steps: 0.002 0.000 0.000 
#rx_steps: 0.002 0.000 0.000 

#material: 5.000 0.220 1.000 0.000 concrete
#material: 10000000.000 10000000.000 100.000 0.000 rebar
#material: 1.000 0.000 1.000 0.000 air
#material: 80.000 0.500 1.000 0.000 water

#box: 0.000 0.000 0.000 10.200 0.250 0.002 concrete

#box: 0.220 0.187 0.000 0.234 0.220 0.002 air
#box: 0.450 0.210 0.000 0.462 0.217 0.002 air
#box: 0.678 0.128 0.000 0.697 0.138 0.002 air
#box: 1.050 0.123 0.000 1.066 0.238 0.002 air
#box: 1.218 0.101 0.000 1.230 0.144 0.002 air
#box: 1.619 0.161 0.000 1.636 0.162 0.002 air
#box: 2.059 0.157 0.000 2.076 0.209 0.002 air
#box: 2.404 0.182 0.000 2.422 0.195 0.002 air
#box: 2.807 0.169 0.000 2.816 0.240 0.002 air
#box: 3.008 0.134 0.000 3.017 0.234 0.002 air
#box: 3.199 0.117 0.000 3.215 0.190 0.002 air
#box: 3.300 0.179 0.000 3.308 0.199 0.002 air
#box: 3.758 0.184 0.000 3.769 0.219 0.002 air
#box: 3.891 0.163 0.000 3.903 0.221 0.002 air
#box: 4.118 0.199 0.000 4.121 0.212 0.002 air
#box: 4.483 0.126 0.000 4.491 0.128 0.002 air
#box: 4.734 0.187 0.000 4.740 0.198 0.002 air
#box: 4.906 0.100 0.000 4.915 0.139 0.002 air
#box: 5.204 0.221 0.000 5.206 0.243 0.002 air
#box: 5.567 0.195 0.000 5.583 0.206 0.002 air
#box: 6.012 0.172 0.000 6.022 0.250 0.002 air
#box: 6.222 0.136 0.000 6.226 0.239 0.002 air
#box: 6.698 0.223 0.000 6.705 0.237 0.002 air
#box: 7.113 0.220 0.000 7.118 0.235 0.002 air
#box: 7.346 0.230 0.000 7.352 0.237 0.002 air
#box: 7.742 0.111 0.000 7.754 0.125 0.002 air
#box: 7.902 0.206 0.000 7.916 0.220 0.002 air
#box: 8.334 0.153 0.000 8.346 0.210 0.002 air
#box: 8.581 0.162 0.000 8.584 0.239 0.002 air
#box: 8.696 0.132 0.000 8.701 0.150 0.002 air
#box: 8.900 0.188 0.000 8.906 0.242 0.002 air
#box: 9.163 0.134 0.000 9.168 0.245 0.002 air
#box: 9.570 0.178 0.000 9.574 0.250 0.002 air
#box: 9.813 0.174 0.000 9.819 0.185 0.002 air
#box: 0.425 0.177 0.000 0.449 0.198 0.002 water
#box: 0.828 0.174 0.000 0.862 0.211 0.002 water
#box: 1.021 0.193 0.000 1.043 0.199 0.002 water
#box: 1.221 0.193 0.000 1.237 0.203 0.002 water
#box: 1.365 0.166 0.000 1.415 0.183 0.002 water
#box: 1.851 0.163 0.000 1.893 0.183 0.002 water
#box: 2.071 0.178 0.000 2.127 0.178 0.002 water
#box: 2.329 0.133 0.000 2.384 0.147 0.002 water
#box: 2.768 0.187 0.000 2.780 0.190 0.002 water
#box: 3.112 0.170 0.000 3.181 0.203 0.002 water
#box: 3.546 0.127 0.000 3.609 0.168 0.002 water
#box: 3.793 0.138 0.000 3.850 0.180 0.002 water
#box: 3.893 0.157 0.000 3.935 0.207 0.002 water
#box: 4.305 0.147 0.000 4.358 0.192 0.002 water
#box: 4.628 0.172 0.000 4.684 0.192 0.002 water
#box: 5.033 0.104 0.000 5.069 0.215 0.002 water
#box: 5.396 0.100 0.000 5.462 0.156 0.002 water
#box: 5.859 0.175 0.000 5.894 0.216 0.002 water
#box: 6.343 0.129 0.000 6.414 0.182 0.002 water
#box: 6.729 0.183 0.000 6.803 0.195 0.002 water
#box: 7.102 0.121 0.000 7.156 0.131 0.002 water
#box: 7.453 0.153 0.000 7.484 0.189 0.002 water
#box: 7.903 0.193 0.000 7.969 0.215 0.002 water
#box: 8.051 0.144 0.000 8.090 0.178 0.002 water
#box: 8.164 0.132 0.000 8.204 0.137 0.002 water
#box: 8.612 0.127 0.000 8.678 0.218 0.002 water
#box: 8.819 0.118 0.000 8.860 0.133 0.002 water
#box: 9.289 0.110 0.000 9.345 0.117 0.002 water
#box: 9.512 0.157 0.000 9.549 0.160 0.002 water
#box: 9.690 0.172 0.000 9.763 0.220 0.002 water
#box: 9.935 0.162 0.000 9.981 0.214 0.002 water
#cylinder: 0.265 0.150 0.000 0.265 0.150 0.002 0.010 pec
#cylinder: 0.439 0.138 0.000 0.439 0.138 0.002 0.006 pec
#cylinder: 0.712 0.133 0.000 0.712 0.133 0.002 0.009 pec
#cylinder: 0.845 0.118 0.000 0.845 0.118 0.002 0.009 pec
#cylinder: 0.977 0.119 0.000 0.977 0.119 0.002 0.009 pec
#cylinder: 1.146 0.165 0.000 1.146 0.165 0.002 0.007 pec
#cylinder: 1.396 0.180 0.000 1.396 0.180 0.002 0.009 pec
#cylinder: 1.618 0.205 0.000 1.618 0.205 0.002 0.006 pec
#cylinder: 1.881 0.122 0.000 1.881 0.122 0.002 0.009 pec
#cylinder: 1.993 0.184 0.000 1.993 0.184 0.002 0.009 pec
#cylinder: 2.111 0.219 0.000 2.111 0.219 0.002 0.007 pec
#cylinder: 2.314 0.212 0.000 2.314 0.212 0.002 0.007 pec
#cylinder: 2.486 0.198 0.000 2.486 0.198 0.002 0.005 pec
#cylinder: 2.645 0.111 0.000 2.645 0.111 0.002 0.007 pec
#cylinder: 2.805 0.137 0.000 2.805 0.137 0.002 0.007 pec
#cylinder: 2.977 0.163 0.000 2.977 0.163 0.002 0.006 pec
#cylinder: 3.092 0.200 0.000 3.092 0.200 0.002 0.010 pec
#cylinder: 3.259 0.143 0.000 3.259 0.143 0.002 0.006 pec
#cylinder: 3.512 0.142 0.000 3.512 0.142 0.002 0.009 pec
#cylinder: 3.633 0.170 0.000 3.633 0.170 0.002 0.005 pec
#cylinder: 3.851 0.123 0.000 3.851 0.123 0.002 0.009 pec
#cylinder: 4.075 0.166 0.000 4.075 0.166 0.002 0.008 pec
#cylinder: 4.367 0.104 0.000 4.367 0.104 0.002 0.009 pec
#cylinder: 4.595 0.205 0.000 4.595 0.205 0.002 0.009 pec
#cylinder: 4.798 0.132 0.000 4.798 0.132 0.002 0.005 pec
#cylinder: 4.972 0.189 0.000 4.972 0.189 0.002 0.009 pec
#cylinder: 5.110 0.128 0.000 5.110 0.128 0.002 0.007 pec
#cylinder: 5.244 0.176 0.000 5.244 0.176 0.002 0.006 pec
#cylinder: 5.362 0.142 0.000 5.362 0.142 0.002 0.005 pec
#cylinder: 5.651 0.195 0.000 5.651 0.195 0.002 0.006 pec
#cylinder: 5.878 0.199 0.000 5.878 0.199 0.002 0.007 pec
#cylinder: 6.091 0.211 0.000 6.091 0.211 0.002 0.009 pec
#cylinder: 6.344 0.172 0.000 6.344 0.172 0.002 0.006 pec
#cylinder: 6.505 0.152 0.000 6.505 0.152 0.002 0.008 pec
#cylinder: 6.719 0.208 0.000 6.719 0.208 0.002 0.007 pec
#cylinder: 6.845 0.128 0.000 6.845 0.128 0.002 0.005 pec
#cylinder: 6.995 0.200 0.000 6.995 0.200 0.002 0.006 pec
#cylinder: 7.214 0.136 0.000 7.214 0.136 0.002 0.010 pec
#cylinder: 7.405 0.102 0.000 7.405 0.102 0.002 0.005 pec
#cylinder: 7.554 0.188 0.000 7.554 0.188 0.002 0.009 pec
#cylinder: 7.673 0.166 0.000 7.673 0.166 0.002 0.005 pec
#cylinder: 7.858 0.109 0.000 7.858 0.109 0.002 0.009 pec
#cylinder: 7.960 0.203 0.000 7.960 0.203 0.002 0.009 pec
#cylinder: 8.229 0.101 0.000 8.229 0.101 0.002 0.006 pec
#cylinder: 8.441 0.189 0.000 8.441 0.189 0.002 0.009 pec
#cylinder: 8.565 0.137 0.000 8.565 0.137 0.002 0.009 pec
#cylinder: 8.731 0.152 0.000 8.731 0.152 0.002 0.008 pec
#cylinder: 9.013 0.106 0.000 9.013 0.106 0.002 0.009 pec
#cylinder: 9.196 0.188 0.000 9.196 0.188 0.002 0.009 pec
#cylinder: 9.346 0.153 0.000 9.346 0.153 0.002 0.010 pec
#cylinder: 9.455 0.207 0.000 9.455 0.207 0.002 0.005 pec
#cylinder: 9.611 0.210 0.000 9.611 0.210 0.002 0.005 pec
#cylinder: 9.848 0.162 0.000 9.848 0.162 0.002 0.006 pec
#cylinder: 10.059 0.212 0.000 10.059 0.212 0.002 0.005 pec
