testingplz 
#domain: 10.200 0.300 0.002 
#dx_dy_dz: 0.002 0.002 0.002 
#time_window: 5.000000e-09 

#excitation_file: mala_source_modified.txt 
#hertzian_dipole: z 0.080 0.250 0 mala_source 
#rx: 0.120 0.250 0.000 
#src_steps: 0.002 0.000 0.000 
#rx_steps: 0.002 0.000 0.000 

#material: 5.000 0.220 1.000 0.000 concrete
#material: 10000000.000 10000000.000 100.000 0.000 rebar
#material: 1.000 0.000 1.000 0.000 air
#material: 80.000 0.500 1.000 0.000 water

#box: 0.000 0.000 0.000 10.200 0.250 0.002 concrete

#box: 0.312 0.160 0.000 0.323 0.241 0.002 air
#box: 0.728 0.147 0.000 0.743 0.238 0.002 air
#box: 0.890 0.198 0.000 0.893 0.214 0.002 air
#box: 1.181 0.142 0.000 1.186 0.171 0.002 air
#box: 1.656 0.143 0.000 1.669 0.247 0.002 air
#box: 2.103 0.199 0.000 2.105 0.224 0.002 air
#box: 2.474 0.142 0.000 2.494 0.205 0.002 air
#box: 2.811 0.176 0.000 2.825 0.191 0.002 air
#box: 2.914 0.178 0.000 2.922 0.231 0.002 air
#box: 3.198 0.204 0.000 3.204 0.242 0.002 air
#box: 3.623 0.214 0.000 3.639 0.221 0.002 air
#box: 4.113 0.143 0.000 4.123 0.149 0.002 air
#box: 4.307 0.134 0.000 4.322 0.188 0.002 air
#box: 4.756 0.216 0.000 4.773 0.227 0.002 air
#box: 5.250 0.199 0.000 5.255 0.202 0.002 air
#box: 5.380 0.191 0.000 5.390 0.191 0.002 air
#box: 5.578 0.127 0.000 5.585 0.217 0.002 air
#box: 5.876 0.131 0.000 5.881 0.209 0.002 air
#box: 6.223 0.227 0.000 6.226 0.231 0.002 air
#box: 6.493 0.108 0.000 6.507 0.128 0.002 air
#box: 6.594 0.178 0.000 6.603 0.243 0.002 air
#box: 7.041 0.127 0.000 7.061 0.153 0.002 air
#box: 7.466 0.176 0.000 7.478 0.219 0.002 air
#box: 7.598 0.142 0.000 7.607 0.192 0.002 air
#box: 7.864 0.180 0.000 7.867 0.202 0.002 air
#box: 8.109 0.226 0.000 8.125 0.227 0.002 air
#box: 8.545 0.102 0.000 8.556 0.159 0.002 air
#box: 8.961 0.118 0.000 8.975 0.219 0.002 air
#box: 9.391 0.145 0.000 9.407 0.238 0.002 air
#box: 9.731 0.147 0.000 9.751 0.228 0.002 air
#box: 0.299 0.110 0.000 0.371 0.211 0.002 water
#box: 0.431 0.196 0.000 0.507 0.200 0.002 water
#box: 0.752 0.156 0.000 0.828 0.209 0.002 water
#box: 1.106 0.199 0.000 1.177 0.216 0.002 water
#box: 1.233 0.190 0.000 1.251 0.219 0.002 water
#box: 1.547 0.185 0.000 1.603 0.212 0.002 water
#box: 1.999 0.132 0.000 2.054 0.154 0.002 water
#box: 2.340 0.147 0.000 2.363 0.159 0.002 water
#box: 2.652 0.146 0.000 2.729 0.194 0.002 water
#box: 2.968 0.198 0.000 3.022 0.205 0.002 water
#box: 3.207 0.171 0.000 3.264 0.173 0.002 water
#box: 3.397 0.157 0.000 3.417 0.172 0.002 water
#box: 3.873 0.177 0.000 3.920 0.178 0.002 water
#box: 4.063 0.169 0.000 4.081 0.206 0.002 water
#box: 4.395 0.105 0.000 4.473 0.171 0.002 water
#box: 4.623 0.184 0.000 4.640 0.209 0.002 water
#box: 5.121 0.175 0.000 5.196 0.185 0.002 water
#box: 5.544 0.139 0.000 5.583 0.200 0.002 water
#box: 5.917 0.125 0.000 5.929 0.168 0.002 water
#box: 6.372 0.189 0.000 6.397 0.200 0.002 water
#box: 6.674 0.145 0.000 6.740 0.214 0.002 water
#box: 6.864 0.123 0.000 6.898 0.155 0.002 water
#box: 7.004 0.193 0.000 7.083 0.193 0.002 water
#box: 7.173 0.105 0.000 7.237 0.116 0.002 water
#box: 7.580 0.106 0.000 7.648 0.128 0.002 water
#box: 7.892 0.133 0.000 7.937 0.145 0.002 water
#box: 8.023 0.110 0.000 8.097 0.177 0.002 water
#box: 8.159 0.179 0.000 8.223 0.182 0.002 water
#box: 8.519 0.141 0.000 8.535 0.204 0.002 water
#box: 8.914 0.197 0.000 8.925 0.210 0.002 water
#box: 9.381 0.140 0.000 9.432 0.219 0.002 water
#box: 9.747 0.172 0.000 9.768 0.180 0.002 water
