testingplz 
#domain: 10.200 0.300 0.002 
#dx_dy_dz: 0.002 0.002 0.002 
#time_window: 5.000000e-09 

#excitation_file: mala_source_modified.txt 
#hertzian_dipole: z 0.080 0.250 0 mala_source 
#rx: 0.120 0.250 0.000 
#src_steps: 0.002 0.000 0.000 
#rx_steps: 0.002 0.000 0.000 

#material: 5.000 0.220 1.000 0.000 concrete
#material: 10000000.000 10000000.000 100.000 0.000 rebar
#material: 1.000 0.000 1.000 0.000 air
#material: 80.000 0.500 1.000 0.000 water

#box: 0.000 0.000 0.000 10.200 0.250 0.002 concrete

#box: 0.492 0.112 0.000 0.567 0.154 0.002 water
#box: 0.663 0.123 0.000 0.742 0.215 0.002 water
#box: 1.124 0.130 0.000 1.164 0.167 0.002 water
#box: 1.463 0.191 0.000 1.482 0.205 0.002 water
#box: 1.786 0.149 0.000 1.844 0.183 0.002 water
#box: 2.243 0.182 0.000 2.279 0.216 0.002 water
#box: 2.736 0.194 0.000 2.788 0.212 0.002 water
#box: 2.873 0.168 0.000 2.899 0.178 0.002 water
#box: 3.003 0.121 0.000 3.048 0.159 0.002 water
#box: 3.152 0.162 0.000 3.189 0.193 0.002 water
#box: 3.497 0.198 0.000 3.542 0.219 0.002 water
#box: 3.697 0.134 0.000 3.718 0.180 0.002 water
#box: 4.042 0.171 0.000 4.081 0.219 0.002 water
#box: 4.199 0.129 0.000 4.213 0.159 0.002 water
#box: 4.452 0.100 0.000 4.529 0.208 0.002 water
#box: 4.792 0.149 0.000 4.831 0.169 0.002 water
#box: 5.190 0.167 0.000 5.265 0.168 0.002 water
#box: 5.291 0.177 0.000 5.337 0.189 0.002 water
#box: 5.729 0.137 0.000 5.768 0.179 0.002 water
#box: 6.174 0.170 0.000 6.202 0.181 0.002 water
#box: 6.520 0.179 0.000 6.570 0.184 0.002 water
#box: 6.986 0.170 0.000 7.014 0.189 0.002 water
#box: 7.335 0.181 0.000 7.404 0.212 0.002 water
#box: 7.455 0.111 0.000 7.506 0.139 0.002 water
#box: 7.688 0.137 0.000 7.752 0.143 0.002 water
#box: 8.075 0.162 0.000 8.094 0.205 0.002 water
#box: 8.267 0.133 0.000 8.333 0.160 0.002 water
#box: 8.531 0.143 0.000 8.552 0.151 0.002 water
#box: 8.644 0.160 0.000 8.701 0.164 0.002 water
#box: 9.020 0.136 0.000 9.063 0.168 0.002 water
#box: 9.450 0.132 0.000 9.490 0.201 0.002 water
#box: 9.683 0.142 0.000 9.711 0.144 0.002 water
#box: 9.944 0.126 0.000 10.006 0.157 0.002 water
#cylinder: 0.300 0.118 0.000 0.300 0.118 0.002 0.009 pec
#cylinder: 0.460 0.101 0.000 0.460 0.101 0.002 0.007 pec
#cylinder: 0.568 0.122 0.000 0.568 0.122 0.002 0.010 pec
#cylinder: 0.735 0.130 0.000 0.735 0.130 0.002 0.007 pec
#cylinder: 0.988 0.119 0.000 0.988 0.119 0.002 0.008 pec
#cylinder: 1.154 0.115 0.000 1.154 0.115 0.002 0.005 pec
#cylinder: 1.261 0.176 0.000 1.261 0.176 0.002 0.008 pec
#cylinder: 1.396 0.116 0.000 1.396 0.116 0.002 0.007 pec
#cylinder: 1.637 0.103 0.000 1.637 0.103 0.002 0.007 pec
#cylinder: 1.822 0.109 0.000 1.822 0.109 0.002 0.007 pec
#cylinder: 2.072 0.167 0.000 2.072 0.167 0.002 0.005 pec
#cylinder: 2.234 0.184 0.000 2.234 0.184 0.002 0.009 pec
#cylinder: 2.422 0.197 0.000 2.422 0.197 0.002 0.005 pec
#cylinder: 2.557 0.143 0.000 2.557 0.143 0.002 0.005 pec
#cylinder: 2.702 0.215 0.000 2.702 0.215 0.002 0.010 pec
#cylinder: 2.991 0.220 0.000 2.991 0.220 0.002 0.009 pec
#cylinder: 3.252 0.106 0.000 3.252 0.106 0.002 0.006 pec
#cylinder: 3.537 0.123 0.000 3.537 0.123 0.002 0.009 pec
#cylinder: 3.778 0.165 0.000 3.778 0.165 0.002 0.005 pec
#cylinder: 3.938 0.102 0.000 3.938 0.102 0.002 0.007 pec
#cylinder: 4.150 0.189 0.000 4.150 0.189 0.002 0.005 pec
#cylinder: 4.268 0.184 0.000 4.268 0.184 0.002 0.007 pec
#cylinder: 4.484 0.110 0.000 4.484 0.110 0.002 0.009 pec
#cylinder: 4.638 0.118 0.000 4.638 0.118 0.002 0.009 pec
#cylinder: 4.923 0.146 0.000 4.923 0.146 0.002 0.005 pec
#cylinder: 5.102 0.211 0.000 5.102 0.211 0.002 0.006 pec
#cylinder: 5.205 0.153 0.000 5.205 0.153 0.002 0.009 pec
#cylinder: 5.455 0.185 0.000 5.455 0.185 0.002 0.006 pec
#cylinder: 5.743 0.180 0.000 5.743 0.180 0.002 0.005 pec
#cylinder: 6.000 0.205 0.000 6.000 0.205 0.002 0.010 pec
#cylinder: 6.246 0.143 0.000 6.246 0.143 0.002 0.009 pec
#cylinder: 6.350 0.213 0.000 6.350 0.213 0.002 0.008 pec
#cylinder: 6.590 0.168 0.000 6.590 0.168 0.002 0.007 pec
#cylinder: 6.769 0.190 0.000 6.769 0.190 0.002 0.006 pec
#cylinder: 7.009 0.113 0.000 7.009 0.113 0.002 0.005 pec
#cylinder: 7.178 0.167 0.000 7.178 0.167 0.002 0.009 pec
#cylinder: 7.308 0.218 0.000 7.308 0.218 0.002 0.007 pec
#cylinder: 7.508 0.158 0.000 7.508 0.158 0.002 0.005 pec
#cylinder: 7.694 0.139 0.000 7.694 0.139 0.002 0.006 pec
#cylinder: 7.956 0.152 0.000 7.956 0.152 0.002 0.006 pec
#cylinder: 8.124 0.140 0.000 8.124 0.140 0.002 0.005 pec
#cylinder: 8.281 0.165 0.000 8.281 0.165 0.002 0.005 pec
#cylinder: 8.389 0.220 0.000 8.389 0.220 0.002 0.007 pec
#cylinder: 8.606 0.156 0.000 8.606 0.156 0.002 0.009 pec
#cylinder: 8.706 0.166 0.000 8.706 0.166 0.002 0.006 pec
#cylinder: 9.001 0.194 0.000 9.001 0.194 0.002 0.008 pec
#cylinder: 9.180 0.189 0.000 9.180 0.189 0.002 0.006 pec
#cylinder: 9.458 0.136 0.000 9.458 0.136 0.002 0.006 pec
#cylinder: 9.574 0.153 0.000 9.574 0.153 0.002 0.010 pec
#cylinder: 9.736 0.203 0.000 9.736 0.203 0.002 0.007 pec
#cylinder: 9.851 0.170 0.000 9.851 0.170 0.002 0.006 pec
#cylinder: 10.018 0.138 0.000 10.018 0.138 0.002 0.005 pec
