testingplz 
#domain: 10.200 0.300 0.002 
#dx_dy_dz: 0.002 0.002 0.002 
#time_window: 5.000000e-09 

#excitation_file: mala_source_modified.txt 
#hertzian_dipole: z 0.080 0.250 0 mala_source 
#rx: 0.120 0.250 0.000 
#src_steps: 0.002 0.000 0.000 
#rx_steps: 0.002 0.000 0.000 

#material: 5.000 0.220 1.000 0.000 concrete
#material: 10000000.000 10000000.000 100.000 0.000 rebar
#material: 1.000 0.000 1.000 0.000 air
#material: 80.000 0.500 1.000 0.000 water

#box: 0.000 0.000 0.000 10.200 0.250 0.002 concrete

#box: 0.124 0.166 0.000 0.136 0.192 0.002 air
#box: 0.394 0.131 0.000 0.400 0.250 0.002 air
#box: 0.731 0.152 0.000 0.735 0.210 0.002 air
#box: 1.192 0.137 0.000 1.212 0.158 0.002 air
#box: 1.444 0.103 0.000 1.449 0.239 0.002 air
#box: 1.663 0.103 0.000 1.681 0.155 0.002 air
#box: 1.809 0.134 0.000 1.812 0.152 0.002 air
#box: 2.136 0.164 0.000 2.141 0.244 0.002 air
#box: 2.609 0.101 0.000 2.626 0.248 0.002 air
#box: 2.802 0.140 0.000 2.812 0.203 0.002 air
#box: 3.185 0.109 0.000 3.190 0.198 0.002 air
#box: 3.562 0.134 0.000 3.572 0.148 0.002 air
#box: 3.885 0.163 0.000 3.889 0.194 0.002 air
#box: 4.247 0.212 0.000 4.257 0.245 0.002 air
#box: 4.678 0.126 0.000 4.681 0.190 0.002 air
#box: 5.087 0.207 0.000 5.089 0.226 0.002 air
#box: 5.583 0.125 0.000 5.594 0.219 0.002 air
#box: 6.004 0.221 0.000 6.021 0.233 0.002 air
#box: 6.249 0.135 0.000 6.269 0.149 0.002 air
#box: 6.403 0.129 0.000 6.406 0.147 0.002 air
#box: 6.744 0.222 0.000 6.760 0.247 0.002 air
#box: 6.996 0.178 0.000 7.016 0.219 0.002 air
#box: 7.439 0.212 0.000 7.454 0.217 0.002 air
#box: 7.711 0.162 0.000 7.717 0.164 0.002 air
#box: 8.000 0.177 0.000 8.018 0.238 0.002 air
#box: 8.353 0.219 0.000 8.361 0.226 0.002 air
#box: 8.615 0.195 0.000 8.634 0.230 0.002 air
#box: 8.734 0.169 0.000 8.738 0.194 0.002 air
#box: 9.138 0.113 0.000 9.153 0.131 0.002 air
#box: 9.289 0.105 0.000 9.291 0.249 0.002 air
#box: 9.523 0.223 0.000 9.527 0.240 0.002 air
#box: 9.837 0.159 0.000 9.839 0.202 0.002 air
#box: 0.168 0.166 0.000 0.181 0.207 0.002 water
#box: 0.570 0.186 0.000 0.618 0.208 0.002 water
#box: 0.885 0.150 0.000 0.913 0.184 0.002 water
#box: 1.063 0.177 0.000 1.128 0.198 0.002 water
#box: 1.488 0.107 0.000 1.553 0.200 0.002 water
#box: 1.934 0.191 0.000 1.982 0.220 0.002 water
#box: 2.307 0.177 0.000 2.378 0.180 0.002 water
#box: 2.527 0.121 0.000 2.580 0.207 0.002 water
#box: 2.855 0.156 0.000 2.902 0.160 0.002 water
#box: 3.033 0.103 0.000 3.106 0.170 0.002 water
#box: 3.293 0.125 0.000 3.373 0.201 0.002 water
#box: 3.475 0.167 0.000 3.487 0.175 0.002 water
#box: 3.776 0.134 0.000 3.846 0.214 0.002 water
#box: 4.219 0.120 0.000 4.238 0.159 0.002 water
#box: 4.542 0.119 0.000 4.558 0.217 0.002 water
#box: 4.761 0.161 0.000 4.839 0.189 0.002 water
#box: 5.247 0.189 0.000 5.262 0.212 0.002 water
#box: 5.464 0.176 0.000 5.536 0.201 0.002 water
#box: 5.594 0.169 0.000 5.648 0.186 0.002 water
#box: 5.892 0.162 0.000 5.923 0.174 0.002 water
#box: 6.048 0.190 0.000 6.108 0.214 0.002 water
#box: 6.194 0.195 0.000 6.264 0.218 0.002 water
#box: 6.633 0.109 0.000 6.656 0.199 0.002 water
#box: 7.046 0.104 0.000 7.094 0.117 0.002 water
#box: 7.311 0.183 0.000 7.361 0.219 0.002 water
#box: 7.696 0.139 0.000 7.729 0.176 0.002 water
#box: 8.157 0.169 0.000 8.195 0.177 0.002 water
#box: 8.653 0.177 0.000 8.714 0.181 0.002 water
#box: 8.988 0.199 0.000 8.999 0.215 0.002 water
#box: 9.304 0.146 0.000 9.365 0.187 0.002 water
#box: 9.478 0.194 0.000 9.492 0.195 0.002 water
#box: 9.856 0.118 0.000 9.930 0.155 0.002 water
#box: 9.968 0.183 0.000 10.035 0.210 0.002 water
#cylinder: 0.222 0.119 0.000 0.222 0.119 0.002 0.007 pec
#cylinder: 0.370 0.183 0.000 0.370 0.183 0.002 0.007 pec
#cylinder: 0.493 0.134 0.000 0.493 0.134 0.002 0.006 pec
#cylinder: 0.595 0.176 0.000 0.595 0.176 0.002 0.007 pec
#cylinder: 0.813 0.166 0.000 0.813 0.166 0.002 0.005 pec
#cylinder: 1.102 0.178 0.000 1.102 0.178 0.002 0.009 pec
#cylinder: 1.401 0.175 0.000 1.401 0.175 0.002 0.007 pec
#cylinder: 1.506 0.129 0.000 1.506 0.129 0.002 0.007 pec
#cylinder: 1.629 0.143 0.000 1.629 0.143 0.002 0.005 pec
#cylinder: 1.779 0.201 0.000 1.779 0.201 0.002 0.006 pec
#cylinder: 1.929 0.179 0.000 1.929 0.179 0.002 0.009 pec
#cylinder: 2.041 0.205 0.000 2.041 0.205 0.002 0.005 pec
#cylinder: 2.155 0.122 0.000 2.155 0.122 0.002 0.007 pec
#cylinder: 2.392 0.165 0.000 2.392 0.165 0.002 0.005 pec
#cylinder: 2.520 0.133 0.000 2.520 0.133 0.002 0.006 pec
#cylinder: 2.731 0.138 0.000 2.731 0.138 0.002 0.009 pec
#cylinder: 2.957 0.101 0.000 2.957 0.101 0.002 0.007 pec
#cylinder: 3.120 0.105 0.000 3.120 0.105 0.002 0.009 pec
#cylinder: 3.325 0.203 0.000 3.325 0.203 0.002 0.010 pec
#cylinder: 3.511 0.121 0.000 3.511 0.121 0.002 0.006 pec
#cylinder: 3.613 0.205 0.000 3.613 0.205 0.002 0.005 pec
#cylinder: 3.893 0.202 0.000 3.893 0.202 0.002 0.007 pec
#cylinder: 4.030 0.179 0.000 4.030 0.179 0.002 0.007 pec
#cylinder: 4.323 0.141 0.000 4.323 0.141 0.002 0.005 pec
#cylinder: 4.499 0.140 0.000 4.499 0.140 0.002 0.008 pec
#cylinder: 4.656 0.213 0.000 4.656 0.213 0.002 0.009 pec
#cylinder: 4.803 0.216 0.000 4.803 0.216 0.002 0.006 pec
#cylinder: 5.010 0.197 0.000 5.010 0.197 0.002 0.008 pec
#cylinder: 5.183 0.104 0.000 5.183 0.104 0.002 0.007 pec
#cylinder: 5.458 0.119 0.000 5.458 0.119 0.002 0.009 pec
#cylinder: 5.602 0.143 0.000 5.602 0.143 0.002 0.009 pec
#cylinder: 5.843 0.123 0.000 5.843 0.123 0.002 0.010 pec
#cylinder: 6.020 0.130 0.000 6.020 0.130 0.002 0.005 pec
#cylinder: 6.188 0.149 0.000 6.188 0.149 0.002 0.010 pec
#cylinder: 6.344 0.163 0.000 6.344 0.163 0.002 0.009 pec
#cylinder: 6.458 0.140 0.000 6.458 0.140 0.002 0.009 pec
#cylinder: 6.739 0.109 0.000 6.739 0.109 0.002 0.005 pec
#cylinder: 7.033 0.157 0.000 7.033 0.157 0.002 0.006 pec
#cylinder: 7.206 0.130 0.000 7.206 0.130 0.002 0.005 pec
#cylinder: 7.342 0.197 0.000 7.342 0.197 0.002 0.009 pec
#cylinder: 7.640 0.107 0.000 7.640 0.107 0.002 0.006 pec
#cylinder: 7.750 0.144 0.000 7.750 0.144 0.002 0.007 pec
#cylinder: 8.010 0.147 0.000 8.010 0.147 0.002 0.006 pec
#cylinder: 8.183 0.100 0.000 8.183 0.100 0.002 0.007 pec
#cylinder: 8.375 0.140 0.000 8.375 0.140 0.002 0.005 pec
#cylinder: 8.511 0.217 0.000 8.511 0.217 0.002 0.009 pec
#cylinder: 8.631 0.122 0.000 8.631 0.122 0.002 0.006 pec
#cylinder: 8.926 0.139 0.000 8.926 0.139 0.002 0.006 pec
#cylinder: 9.155 0.107 0.000 9.155 0.107 0.002 0.005 pec
#cylinder: 9.407 0.104 0.000 9.407 0.104 0.002 0.007 pec
#cylinder: 9.563 0.153 0.000 9.563 0.153 0.002 0.009 pec
#cylinder: 9.805 0.107 0.000 9.805 0.107 0.002 0.009 pec
#cylinder: 10.018 0.167 0.000 10.018 0.167 0.002 0.009 pec
