testingplz 
#domain: 10.200 0.300 0.002 
#dx_dy_dz: 0.002 0.002 0.002 
#time_window: 5.000000e-09 

#excitation_file: mala_source_modified.txt 
#hertzian_dipole: z 0.080 0.250 0 mala_source 
#rx: 0.120 0.250 0.000 
#src_steps: 0.002 0.000 0.000 
#rx_steps: 0.002 0.000 0.000 

#material: 5.000 0.220 1.000 0.000 concrete
#material: 10000000.000 10000000.000 100.000 0.000 rebar
#material: 1.000 0.000 1.000 0.000 air
#material: 80.000 0.500 1.000 0.000 water

#box: 0.000 0.000 0.000 10.200 0.250 0.002 concrete

#box: 0.347 0.226 0.000 0.355 0.245 0.002 air
#box: 0.704 0.176 0.000 0.716 0.244 0.002 air
#box: 1.190 0.161 0.000 1.198 0.177 0.002 air
#box: 1.550 0.104 0.000 1.556 0.219 0.002 air
#box: 2.018 0.134 0.000 2.020 0.156 0.002 air
#box: 2.331 0.114 0.000 2.333 0.221 0.002 air
#box: 2.818 0.207 0.000 2.835 0.244 0.002 air
#box: 2.970 0.174 0.000 2.983 0.205 0.002 air
#box: 3.399 0.214 0.000 3.411 0.227 0.002 air
#box: 3.668 0.203 0.000 3.675 0.240 0.002 air
#box: 4.137 0.181 0.000 4.144 0.236 0.002 air
#box: 4.498 0.160 0.000 4.514 0.232 0.002 air
#box: 4.621 0.217 0.000 4.632 0.242 0.002 air
#box: 5.018 0.140 0.000 5.031 0.224 0.002 air
#box: 5.498 0.136 0.000 5.517 0.175 0.002 air
#box: 5.642 0.135 0.000 5.648 0.200 0.002 air
#box: 5.876 0.225 0.000 5.880 0.231 0.002 air
#box: 6.104 0.203 0.000 6.113 0.230 0.002 air
#box: 6.251 0.208 0.000 6.269 0.234 0.002 air
#box: 6.411 0.230 0.000 6.427 0.246 0.002 air
#box: 6.835 0.215 0.000 6.850 0.229 0.002 air
#box: 6.957 0.230 0.000 6.965 0.241 0.002 air
#box: 7.208 0.135 0.000 7.213 0.170 0.002 air
#box: 7.681 0.203 0.000 7.701 0.206 0.002 air
#box: 7.981 0.121 0.000 7.988 0.224 0.002 air
#box: 8.430 0.167 0.000 8.450 0.203 0.002 air
#box: 8.741 0.215 0.000 8.745 0.230 0.002 air
#box: 8.915 0.215 0.000 8.926 0.228 0.002 air
#box: 9.142 0.154 0.000 9.161 0.201 0.002 air
#box: 9.266 0.146 0.000 9.281 0.206 0.002 air
#box: 9.447 0.186 0.000 9.466 0.202 0.002 air
#box: 9.725 0.126 0.000 9.728 0.134 0.002 air
#box: 10.029 0.195 0.000 10.048 0.200 0.002 air
#box: 0.131 0.179 0.000 0.155 0.201 0.002 water
#box: 0.529 0.171 0.000 0.559 0.198 0.002 water
#box: 0.719 0.134 0.000 0.793 0.155 0.002 water
#box: 0.887 0.199 0.000 0.966 0.220 0.002 water
#box: 1.310 0.147 0.000 1.377 0.182 0.002 water
#box: 1.727 0.192 0.000 1.800 0.214 0.002 water
#box: 2.089 0.183 0.000 2.099 0.183 0.002 water
#box: 2.305 0.162 0.000 2.360 0.178 0.002 water
#box: 2.475 0.120 0.000 2.534 0.165 0.002 water
#box: 2.611 0.127 0.000 2.682 0.220 0.002 water
#box: 3.077 0.103 0.000 3.100 0.189 0.002 water
#box: 3.344 0.100 0.000 3.396 0.206 0.002 water
#box: 3.591 0.160 0.000 3.607 0.203 0.002 water
#box: 4.068 0.153 0.000 4.090 0.206 0.002 water
#box: 4.439 0.134 0.000 4.449 0.194 0.002 water
#box: 4.869 0.121 0.000 4.934 0.208 0.002 water
#box: 4.995 0.155 0.000 5.038 0.202 0.002 water
#box: 5.098 0.106 0.000 5.160 0.146 0.002 water
#box: 5.552 0.149 0.000 5.591 0.192 0.002 water
#box: 5.968 0.170 0.000 6.031 0.174 0.002 water
#box: 6.192 0.162 0.000 6.235 0.180 0.002 water
#box: 6.462 0.156 0.000 6.476 0.193 0.002 water
#box: 6.752 0.154 0.000 6.774 0.182 0.002 water
#box: 7.090 0.115 0.000 7.142 0.133 0.002 water
#box: 7.333 0.168 0.000 7.410 0.185 0.002 water
#box: 7.593 0.153 0.000 7.659 0.178 0.002 water
#box: 7.946 0.148 0.000 8.004 0.167 0.002 water
#box: 8.396 0.184 0.000 8.449 0.201 0.002 water
#box: 8.647 0.200 0.000 8.727 0.209 0.002 water
#box: 9.092 0.160 0.000 9.126 0.193 0.002 water
#box: 9.379 0.142 0.000 9.442 0.206 0.002 water
#box: 9.588 0.142 0.000 9.625 0.184 0.002 water
#box: 9.976 0.146 0.000 9.996 0.163 0.002 water
#cylinder: 0.277 0.177 0.000 0.277 0.177 0.002 0.007 pec
#cylinder: 0.524 0.133 0.000 0.524 0.133 0.002 0.005 pec
#cylinder: 0.752 0.216 0.000 0.752 0.216 0.002 0.007 pec
#cylinder: 1.043 0.180 0.000 1.043 0.180 0.002 0.006 pec
#cylinder: 1.220 0.199 0.000 1.220 0.199 0.002 0.007 pec
#cylinder: 1.415 0.205 0.000 1.415 0.205 0.002 0.009 pec
#cylinder: 1.686 0.101 0.000 1.686 0.101 0.002 0.008 pec
#cylinder: 1.836 0.168 0.000 1.836 0.168 0.002 0.006 pec
#cylinder: 2.039 0.102 0.000 2.039 0.102 0.002 0.007 pec
#cylinder: 2.156 0.127 0.000 2.156 0.127 0.002 0.010 pec
#cylinder: 2.271 0.214 0.000 2.271 0.214 0.002 0.009 pec
#cylinder: 2.522 0.174 0.000 2.522 0.174 0.002 0.007 pec
#cylinder: 2.731 0.101 0.000 2.731 0.101 0.002 0.007 pec
#cylinder: 3.014 0.118 0.000 3.014 0.118 0.002 0.009 pec
#cylinder: 3.246 0.215 0.000 3.246 0.215 0.002 0.007 pec
#cylinder: 3.443 0.144 0.000 3.443 0.144 0.002 0.009 pec
#cylinder: 3.723 0.218 0.000 3.723 0.218 0.002 0.009 pec
#cylinder: 3.902 0.108 0.000 3.902 0.108 0.002 0.007 pec
#cylinder: 4.200 0.170 0.000 4.200 0.170 0.002 0.006 pec
#cylinder: 4.391 0.151 0.000 4.391 0.151 0.002 0.009 pec
#cylinder: 4.531 0.215 0.000 4.531 0.215 0.002 0.008 pec
#cylinder: 4.809 0.173 0.000 4.809 0.173 0.002 0.009 pec
#cylinder: 4.960 0.162 0.000 4.960 0.162 0.002 0.006 pec
#cylinder: 5.197 0.104 0.000 5.197 0.104 0.002 0.007 pec
#cylinder: 5.473 0.167 0.000 5.473 0.167 0.002 0.009 pec
#cylinder: 5.610 0.135 0.000 5.610 0.135 0.002 0.007 pec
#cylinder: 5.761 0.136 0.000 5.761 0.136 0.002 0.010 pec
#cylinder: 5.987 0.110 0.000 5.987 0.110 0.002 0.008 pec
#cylinder: 6.141 0.146 0.000 6.141 0.146 0.002 0.005 pec
#cylinder: 6.292 0.103 0.000 6.292 0.103 0.002 0.006 pec
#cylinder: 6.586 0.189 0.000 6.586 0.189 0.002 0.007 pec
#cylinder: 6.835 0.145 0.000 6.835 0.145 0.002 0.006 pec
#cylinder: 7.058 0.217 0.000 7.058 0.217 0.002 0.009 pec
#cylinder: 7.307 0.200 0.000 7.307 0.200 0.002 0.008 pec
#cylinder: 7.474 0.122 0.000 7.474 0.122 0.002 0.009 pec
#cylinder: 7.765 0.174 0.000 7.765 0.174 0.002 0.007 pec
#cylinder: 7.870 0.160 0.000 7.870 0.160 0.002 0.009 pec
#cylinder: 8.132 0.145 0.000 8.132 0.145 0.002 0.006 pec
#cylinder: 8.296 0.158 0.000 8.296 0.158 0.002 0.008 pec
#cylinder: 8.586 0.112 0.000 8.586 0.112 0.002 0.005 pec
#cylinder: 8.793 0.106 0.000 8.793 0.106 0.002 0.005 pec
#cylinder: 9.008 0.101 0.000 9.008 0.101 0.002 0.009 pec
#cylinder: 9.297 0.151 0.000 9.297 0.151 0.002 0.009 pec
#cylinder: 9.499 0.193 0.000 9.499 0.193 0.002 0.010 pec
#cylinder: 9.717 0.136 0.000 9.717 0.136 0.002 0.009 pec
#cylinder: 9.933 0.124 0.000 9.933 0.124 0.002 0.009 pec
#cylinder: 10.053 0.209 0.000 10.053 0.209 0.002 0.005 pec
