testingplz 
#domain: 10.200 0.300 0.002 
#dx_dy_dz: 0.002 0.002 0.002 
#time_window: 5.000000e-09 

#excitation_file: mala_source_modified.txt 
#hertzian_dipole: z 0.080 0.250 0 mala_source 
#rx: 0.120 0.250 0.000 
#src_steps: 0.002 0.000 0.000 
#rx_steps: 0.002 0.000 0.000 

#material: 5.000 0.220 1.000 0.000 concrete
#material: 10000000.000 10000000.000 100.000 0.000 rebar
#material: 1.000 0.000 1.000 0.000 air
#material: 80.000 0.500 1.000 0.000 water

#box: 0.000 0.000 0.000 10.200 0.250 0.002 concrete

#box: 0.117 0.174 0.000 0.120 0.219 0.002 air
#box: 0.314 0.154 0.000 0.329 0.236 0.002 air
#box: 0.463 0.164 0.000 0.482 0.203 0.002 air
#box: 0.843 0.198 0.000 0.858 0.210 0.002 air
#box: 1.145 0.212 0.000 1.151 0.234 0.002 air
#box: 1.609 0.156 0.000 1.620 0.198 0.002 air
#box: 1.905 0.143 0.000 1.916 0.204 0.002 air
#box: 2.193 0.144 0.000 2.211 0.170 0.002 air
#box: 2.644 0.181 0.000 2.654 0.242 0.002 air
#box: 3.058 0.206 0.000 3.069 0.231 0.002 air
#box: 3.504 0.141 0.000 3.516 0.242 0.002 air
#box: 3.649 0.119 0.000 3.654 0.232 0.002 air
#box: 3.922 0.159 0.000 3.936 0.209 0.002 air
#box: 4.036 0.180 0.000 4.041 0.248 0.002 air
#box: 4.458 0.105 0.000 4.462 0.159 0.002 air
#box: 4.702 0.191 0.000 4.712 0.221 0.002 air
#box: 4.966 0.217 0.000 4.982 0.246 0.002 air
#box: 5.099 0.135 0.000 5.114 0.216 0.002 air
#box: 5.570 0.125 0.000 5.584 0.249 0.002 air
#box: 6.051 0.230 0.000 6.061 0.250 0.002 air
#box: 6.248 0.175 0.000 6.252 0.225 0.002 air
#box: 6.592 0.172 0.000 6.606 0.243 0.002 air
#box: 7.050 0.115 0.000 7.058 0.135 0.002 air
#box: 7.172 0.230 0.000 7.184 0.233 0.002 air
#box: 7.474 0.136 0.000 7.477 0.223 0.002 air
#box: 7.832 0.156 0.000 7.848 0.190 0.002 air
#box: 8.095 0.110 0.000 8.101 0.234 0.002 air
#box: 8.407 0.187 0.000 8.414 0.215 0.002 air
#box: 8.673 0.125 0.000 8.689 0.177 0.002 air
#box: 9.124 0.105 0.000 9.139 0.236 0.002 air
#box: 9.270 0.201 0.000 9.283 0.225 0.002 air
#box: 9.468 0.182 0.000 9.478 0.242 0.002 air
#box: 9.906 0.158 0.000 9.912 0.190 0.002 air
#box: 0.112 0.110 0.000 0.153 0.204 0.002 water
#box: 0.505 0.172 0.000 0.566 0.186 0.002 water
#box: 0.767 0.127 0.000 0.780 0.179 0.002 water
#box: 0.947 0.133 0.000 1.022 0.210 0.002 water
#box: 1.136 0.158 0.000 1.149 0.187 0.002 water
#box: 1.566 0.109 0.000 1.589 0.159 0.002 water
#box: 1.956 0.141 0.000 2.000 0.167 0.002 water
#box: 2.250 0.107 0.000 2.291 0.217 0.002 water
#box: 2.633 0.181 0.000 2.643 0.193 0.002 water
#box: 2.965 0.108 0.000 3.028 0.147 0.002 water
#box: 3.177 0.153 0.000 3.189 0.194 0.002 water
#box: 3.529 0.109 0.000 3.546 0.169 0.002 water
#box: 3.990 0.180 0.000 4.054 0.185 0.002 water
#box: 4.353 0.139 0.000 4.432 0.152 0.002 water
#box: 4.490 0.185 0.000 4.517 0.203 0.002 water
#box: 4.660 0.193 0.000 4.683 0.195 0.002 water
#box: 5.155 0.146 0.000 5.188 0.187 0.002 water
#box: 5.328 0.144 0.000 5.350 0.167 0.002 water
#box: 5.826 0.152 0.000 5.849 0.170 0.002 water
#box: 6.029 0.136 0.000 6.069 0.148 0.002 water
#box: 6.199 0.157 0.000 6.209 0.202 0.002 water
#box: 6.692 0.170 0.000 6.741 0.188 0.002 water
#box: 6.967 0.132 0.000 6.983 0.144 0.002 water
#box: 7.466 0.184 0.000 7.480 0.213 0.002 water
#box: 7.879 0.127 0.000 7.892 0.133 0.002 water
#box: 8.130 0.104 0.000 8.155 0.149 0.002 water
#box: 8.293 0.149 0.000 8.317 0.217 0.002 water
#box: 8.522 0.126 0.000 8.553 0.166 0.002 water
#box: 8.745 0.135 0.000 8.773 0.145 0.002 water
#box: 9.197 0.154 0.000 9.236 0.189 0.002 water
#box: 9.675 0.105 0.000 9.752 0.125 0.002 water
#box: 9.883 0.157 0.000 9.943 0.171 0.002 water
#box: 10.035 0.105 0.000 10.084 0.115 0.002 water
#cylinder: 0.275 0.156 0.000 0.275 0.156 0.002 0.009 pec
#cylinder: 0.556 0.185 0.000 0.556 0.185 0.002 0.007 pec
#cylinder: 0.832 0.102 0.000 0.832 0.102 0.002 0.010 pec
#cylinder: 1.120 0.106 0.000 1.120 0.106 0.002 0.006 pec
#cylinder: 1.270 0.130 0.000 1.270 0.130 0.002 0.006 pec
#cylinder: 1.437 0.165 0.000 1.437 0.165 0.002 0.008 pec
#cylinder: 1.607 0.158 0.000 1.607 0.158 0.002 0.009 pec
#cylinder: 1.836 0.208 0.000 1.836 0.208 0.002 0.006 pec
#cylinder: 1.992 0.109 0.000 1.992 0.109 0.002 0.008 pec
#cylinder: 2.124 0.156 0.000 2.124 0.156 0.002 0.006 pec
#cylinder: 2.261 0.121 0.000 2.261 0.121 0.002 0.007 pec
#cylinder: 2.504 0.210 0.000 2.504 0.210 0.002 0.008 pec
#cylinder: 2.786 0.212 0.000 2.786 0.212 0.002 0.009 pec
#cylinder: 2.975 0.172 0.000 2.975 0.172 0.002 0.009 pec
#cylinder: 3.250 0.179 0.000 3.250 0.179 0.002 0.009 pec
#cylinder: 3.500 0.127 0.000 3.500 0.127 0.002 0.005 pec
#cylinder: 3.745 0.203 0.000 3.745 0.203 0.002 0.009 pec
#cylinder: 4.021 0.109 0.000 4.021 0.109 0.002 0.005 pec
#cylinder: 4.160 0.201 0.000 4.160 0.201 0.002 0.005 pec
#cylinder: 4.323 0.108 0.000 4.323 0.108 0.002 0.009 pec
#cylinder: 4.579 0.211 0.000 4.579 0.211 0.002 0.006 pec
#cylinder: 4.751 0.195 0.000 4.751 0.195 0.002 0.010 pec
#cylinder: 4.908 0.167 0.000 4.908 0.167 0.002 0.007 pec
#cylinder: 5.179 0.105 0.000 5.179 0.105 0.002 0.007 pec
#cylinder: 5.431 0.192 0.000 5.431 0.192 0.002 0.005 pec
#cylinder: 5.621 0.149 0.000 5.621 0.149 0.002 0.009 pec
#cylinder: 5.838 0.207 0.000 5.838 0.207 0.002 0.006 pec
#cylinder: 5.939 0.163 0.000 5.939 0.163 0.002 0.006 pec
#cylinder: 6.063 0.174 0.000 6.063 0.174 0.002 0.009 pec
#cylinder: 6.359 0.194 0.000 6.359 0.194 0.002 0.008 pec
#cylinder: 6.521 0.141 0.000 6.521 0.141 0.002 0.008 pec
#cylinder: 6.819 0.100 0.000 6.819 0.100 0.002 0.006 pec
#cylinder: 6.989 0.117 0.000 6.989 0.117 0.002 0.008 pec
#cylinder: 7.146 0.150 0.000 7.146 0.150 0.002 0.007 pec
#cylinder: 7.263 0.119 0.000 7.263 0.119 0.002 0.006 pec
#cylinder: 7.554 0.131 0.000 7.554 0.131 0.002 0.007 pec
#cylinder: 7.750 0.175 0.000 7.750 0.175 0.002 0.006 pec
#cylinder: 7.956 0.166 0.000 7.956 0.166 0.002 0.007 pec
#cylinder: 8.209 0.118 0.000 8.209 0.118 0.002 0.009 pec
#cylinder: 8.432 0.121 0.000 8.432 0.121 0.002 0.007 pec
#cylinder: 8.653 0.211 0.000 8.653 0.211 0.002 0.009 pec
#cylinder: 8.776 0.198 0.000 8.776 0.198 0.002 0.007 pec
#cylinder: 8.960 0.101 0.000 8.960 0.101 0.002 0.005 pec
#cylinder: 9.064 0.180 0.000 9.064 0.180 0.002 0.007 pec
#cylinder: 9.338 0.168 0.000 9.338 0.168 0.002 0.009 pec
#cylinder: 9.541 0.121 0.000 9.541 0.121 0.002 0.007 pec
#cylinder: 9.830 0.169 0.000 9.830 0.169 0.002 0.008 pec
#cylinder: 10.094 0.122 0.000 10.094 0.122 0.002 0.010 pec
