testingplz 
#domain: 10.200 0.300 0.002 
#dx_dy_dz: 0.002 0.002 0.002 
#time_window: 5.000000e-09 

#excitation_file: mala_source_modified.txt 
#hertzian_dipole: z 0.080 0.250 0 mala_source 
#rx: 0.120 0.250 0.000 
#src_steps: 0.002 0.000 0.000 
#rx_steps: 0.002 0.000 0.000 

#material: 5.000 0.220 1.000 0.000 concrete
#material: 10000000.000 10000000.000 100.000 0.000 rebar
#material: 1.000 0.000 1.000 0.000 air
#material: 80.000 0.500 1.000 0.000 water

#box: 0.000 0.000 0.000 10.200 0.250 0.002 concrete

#box: 0.480 0.153 0.000 0.497 0.244 0.002 air
#box: 0.829 0.206 0.000 0.831 0.235 0.002 air
#box: 1.301 0.167 0.000 1.308 0.176 0.002 air
#box: 1.780 0.163 0.000 1.792 0.201 0.002 air
#box: 2.149 0.129 0.000 2.152 0.180 0.002 air
#box: 2.584 0.141 0.000 2.598 0.165 0.002 air
#box: 2.885 0.129 0.000 2.903 0.230 0.002 air
#box: 3.335 0.133 0.000 3.340 0.234 0.002 air
#box: 3.520 0.185 0.000 3.528 0.238 0.002 air
#box: 3.646 0.213 0.000 3.655 0.216 0.002 air
#box: 4.076 0.179 0.000 4.096 0.198 0.002 air
#box: 4.366 0.160 0.000 4.374 0.245 0.002 air
#box: 4.763 0.108 0.000 4.775 0.117 0.002 air
#box: 5.236 0.229 0.000 5.253 0.234 0.002 air
#box: 5.701 0.196 0.000 5.718 0.240 0.002 air
#box: 5.998 0.225 0.000 6.001 0.227 0.002 air
#box: 6.371 0.152 0.000 6.383 0.171 0.002 air
#box: 6.626 0.218 0.000 6.628 0.250 0.002 air
#box: 6.776 0.188 0.000 6.785 0.205 0.002 air
#box: 7.020 0.180 0.000 7.022 0.217 0.002 air
#box: 7.169 0.139 0.000 7.184 0.152 0.002 air
#box: 7.377 0.154 0.000 7.382 0.221 0.002 air
#box: 7.538 0.124 0.000 7.543 0.224 0.002 air
#box: 7.970 0.164 0.000 7.980 0.215 0.002 air
#box: 8.175 0.225 0.000 8.188 0.228 0.002 air
#box: 8.590 0.124 0.000 8.596 0.166 0.002 air
#box: 8.920 0.161 0.000 8.940 0.170 0.002 air
#box: 9.356 0.150 0.000 9.360 0.174 0.002 air
#box: 9.729 0.162 0.000 9.746 0.206 0.002 air
#box: 9.870 0.101 0.000 9.875 0.246 0.002 air
#box: 0.232 0.166 0.000 0.281 0.219 0.002 water
#box: 0.601 0.152 0.000 0.671 0.189 0.002 water
#box: 1.087 0.110 0.000 1.136 0.218 0.002 water
#box: 1.256 0.113 0.000 1.335 0.129 0.002 water
#box: 1.581 0.115 0.000 1.646 0.189 0.002 water
#box: 1.868 0.168 0.000 1.898 0.210 0.002 water
#box: 2.340 0.131 0.000 2.351 0.158 0.002 water
#box: 2.731 0.129 0.000 2.779 0.129 0.002 water
#box: 2.996 0.189 0.000 3.027 0.193 0.002 water
#box: 3.385 0.165 0.000 3.434 0.197 0.002 water
#box: 3.744 0.112 0.000 3.777 0.122 0.002 water
#box: 4.018 0.157 0.000 4.035 0.210 0.002 water
#box: 4.377 0.183 0.000 4.446 0.192 0.002 water
#box: 4.541 0.100 0.000 4.596 0.185 0.002 water
#box: 4.695 0.187 0.000 4.713 0.187 0.002 water
#box: 5.084 0.182 0.000 5.149 0.184 0.002 water
#box: 5.290 0.104 0.000 5.361 0.151 0.002 water
#box: 5.721 0.164 0.000 5.758 0.167 0.002 water
#box: 5.844 0.138 0.000 5.900 0.188 0.002 water
#box: 6.006 0.158 0.000 6.024 0.210 0.002 water
#box: 6.405 0.107 0.000 6.442 0.125 0.002 water
#box: 6.811 0.161 0.000 6.886 0.214 0.002 water
#box: 7.156 0.185 0.000 7.180 0.202 0.002 water
#box: 7.593 0.136 0.000 7.640 0.162 0.002 water
#box: 7.901 0.122 0.000 7.980 0.201 0.002 water
#box: 8.241 0.139 0.000 8.293 0.163 0.002 water
#box: 8.682 0.116 0.000 8.721 0.129 0.002 water
#box: 9.010 0.185 0.000 9.041 0.209 0.002 water
#box: 9.269 0.114 0.000 9.334 0.193 0.002 water
#box: 9.508 0.178 0.000 9.524 0.202 0.002 water
#box: 9.944 0.141 0.000 9.961 0.179 0.002 water
#cylinder: 0.217 0.194 0.000 0.217 0.194 0.002 0.006 pec
#cylinder: 0.494 0.166 0.000 0.494 0.166 0.002 0.005 pec
#cylinder: 0.724 0.213 0.000 0.724 0.213 0.002 0.009 pec
#cylinder: 0.944 0.162 0.000 0.944 0.162 0.002 0.009 pec
#cylinder: 1.099 0.157 0.000 1.099 0.157 0.002 0.010 pec
#cylinder: 1.229 0.158 0.000 1.229 0.158 0.002 0.007 pec
#cylinder: 1.382 0.210 0.000 1.382 0.210 0.002 0.010 pec
#cylinder: 1.618 0.170 0.000 1.618 0.170 0.002 0.010 pec
#cylinder: 1.728 0.197 0.000 1.728 0.197 0.002 0.010 pec
#cylinder: 2.022 0.102 0.000 2.022 0.102 0.002 0.009 pec
#cylinder: 2.219 0.175 0.000 2.219 0.175 0.002 0.009 pec
#cylinder: 2.427 0.125 0.000 2.427 0.125 0.002 0.008 pec
#cylinder: 2.698 0.198 0.000 2.698 0.198 0.002 0.005 pec
#cylinder: 2.882 0.137 0.000 2.882 0.137 0.002 0.009 pec
#cylinder: 3.053 0.208 0.000 3.053 0.208 0.002 0.010 pec
#cylinder: 3.290 0.102 0.000 3.290 0.102 0.002 0.007 pec
#cylinder: 3.426 0.188 0.000 3.426 0.188 0.002 0.008 pec
#cylinder: 3.622 0.111 0.000 3.622 0.111 0.002 0.006 pec
#cylinder: 3.839 0.162 0.000 3.839 0.162 0.002 0.009 pec
#cylinder: 3.966 0.216 0.000 3.966 0.216 0.002 0.009 pec
#cylinder: 4.216 0.164 0.000 4.216 0.164 0.002 0.005 pec
#cylinder: 4.436 0.100 0.000 4.436 0.100 0.002 0.006 pec
#cylinder: 4.716 0.127 0.000 4.716 0.127 0.002 0.006 pec
#cylinder: 4.933 0.186 0.000 4.933 0.186 0.002 0.009 pec
#cylinder: 5.170 0.184 0.000 5.170 0.184 0.002 0.005 pec
#cylinder: 5.434 0.129 0.000 5.434 0.129 0.002 0.006 pec
#cylinder: 5.632 0.143 0.000 5.632 0.143 0.002 0.009 pec
#cylinder: 5.892 0.206 0.000 5.892 0.206 0.002 0.007 pec
#cylinder: 6.049 0.178 0.000 6.049 0.178 0.002 0.009 pec
#cylinder: 6.294 0.153 0.000 6.294 0.153 0.002 0.006 pec
#cylinder: 6.434 0.195 0.000 6.434 0.195 0.002 0.006 pec
#cylinder: 6.620 0.175 0.000 6.620 0.175 0.002 0.009 pec
#cylinder: 6.733 0.157 0.000 6.733 0.157 0.002 0.005 pec
#cylinder: 6.836 0.148 0.000 6.836 0.148 0.002 0.007 pec
#cylinder: 7.027 0.162 0.000 7.027 0.162 0.002 0.009 pec
#cylinder: 7.265 0.123 0.000 7.265 0.123 0.002 0.006 pec
#cylinder: 7.448 0.116 0.000 7.448 0.116 0.002 0.009 pec
#cylinder: 7.650 0.182 0.000 7.650 0.182 0.002 0.009 pec
#cylinder: 7.808 0.123 0.000 7.808 0.123 0.002 0.006 pec
#cylinder: 8.097 0.117 0.000 8.097 0.117 0.002 0.006 pec
#cylinder: 8.236 0.185 0.000 8.236 0.185 0.002 0.009 pec
#cylinder: 8.518 0.114 0.000 8.518 0.114 0.002 0.006 pec
#cylinder: 8.645 0.117 0.000 8.645 0.117 0.002 0.009 pec
#cylinder: 8.780 0.161 0.000 8.780 0.161 0.002 0.007 pec
#cylinder: 9.061 0.193 0.000 9.061 0.193 0.002 0.009 pec
#cylinder: 9.303 0.210 0.000 9.303 0.210 0.002 0.007 pec
#cylinder: 9.436 0.212 0.000 9.436 0.212 0.002 0.005 pec
#cylinder: 9.688 0.113 0.000 9.688 0.113 0.002 0.008 pec
#cylinder: 9.848 0.148 0.000 9.848 0.148 0.002 0.009 pec
